453.8
467.4
481.9
496.9
511.7
526.5
541.6
556.5
571.2
585.9
600.7
615.5
630.0
644.3
658.9
673.6
688.0
702.4
716.9
731.3
745.4
759.6
773.9
788.1
802.2
816.3
830.7
844.9
858.9
872.5
874.8
891.9
907.3
922.8
938.6
954.1
969.2
984.4
999.9
1014.9
1029.9
1045.1
1060.1
1074.6
1089.2
1104.1
1118.6
1133.0
1147.4
1161.8
1176.0
1190.2
1204.3
1218.3
1232.1
1246.1
1260.2
1274.1
1287.6
1301.2
1315.2
1328.9
1389.3
1404.2
1419.3
1433.5
1448.0
1462.4
1477.0
1490.9
1504.8
1518.6
1532.5
1546.1
1559.8
1573.2
1586.4
1599.5
1612.8
1626.0
1638.8
1651.7
1664.5
1677.2
1689.7
1702.3
1714.9
1727.3
1739.5
1751.8
1764.0
1776.0
1788.0
1799.9
1952.4
1971.7
1991.0
2010.1
2029.0
2048.0
2067.2
2086.2
2104.8
2123.0
2141.0
2159.1
2177.0
2194.6
2213.4
2231.0
2248.2
2265.7
2283.1
2300.6
2317.6
2334.5
2351.1
2367.6
2384.4
2401.1
2417.7
2433.7
2449.6
2465.3
2480.9
2496.3
