407.21
417.38
427.55
437.72
447.89
458.06
468.23
478.4
488.57
498.74
508.91
519.08
529.25
539.42
549.59
559.75
569.92
580.09
590.26
600.43
610.6
620.77
630.94
641.11
651.28
661.45
671.62
681.79
691.96
702.12
712.29
722.46
732.63
742.8
752.97
763.14
773.31
783.48
793.65
803.82
813.99
824.16
834.33
844.5
854.66
864.83
875.0
885.17
895.34
905.51
912.53
922.62
932.72
942.81
952.89
962.98
973.07
983.16
993.25
1003.37
1013.37
1023.47
1033.57
1043.67
1053.77
1063.86
1073.96
1084.06
1094.16
1104.26
1114.26
1124.35
1134.45
1144.55
1154.65
1164.75
1174.84
1184.94
1195.04
1205.14
1215.24
1225.24
1235.33
1245.43
1255.53
1265.63
1275.73
1285.83
1295.92
1306.02
1316.12
1326.12
1336.22
1346.32
1356.41
1366.51
1376.61
1386.71
1396.81
1406.9
1417.0
1427.0
1437.1
1447.2
1457.3
1467.39
1477.49
1487.59
1497.69
1507.79
1517.89
1527.98
1537.98
1548.08
1558.18
1568.28
1578.37
1588.47
1598.57
1608.67
1618.77
1628.87
1638.86
1648.96
1659.06
1669.16
1679.26
1689.36
1699.45
1709.55
1719.65
1729.75
1739.75
1749.85
1759.94
1770.04
1780.14
1790.24
1800.34
1810.43
1820.53
1830.63
1840.63
1850.73
1860.83
1870.92
1881.02
1891.12
1901.22
1911.32
1921.42
1931.51
1941.61
1951.61
1961.71
1971.81
1981.9
1992.0
2002.1
2012.2
2022.3
2032.4
2042.49
2052.49
2062.59
2072.69
2082.79
2092.89
2102.98
2113.08
2123.18
2133.28
2143.38
2153.38
2163.47
2173.57
2183.67
2193.77
2203.87
2213.96
2224.06
2234.16
2244.26
2254.26
2264.36
2274.45
2284.55
2294.65
2304.75
2314.85
2324.95
2335.04
2345.14
2355.24
2365.24
2375.34
2385.43
2395.53
2405.63
2415.73
