395.3
399.7
403.9
408.3
412.5
416.7
421.3
425.7
430.2
434.6
439.1
443.6
448.1
452.6
457.1
461.6
466.1
470.6
475.2
479.7
484.2
488.7
493.2
497.7
502.3
506.8
511.3
515.7
520.1
524.8
529.3
533.8
538.3
542.8
547.4
552.0
556.7
561.4
566.0
570.7
575.4
580.0
584.7
589.4
594.0
598.5
603.2
608.1
613.0
617.6
622.0
626.6
631.3
635.9
640.6
645.2
649.9
654.5
659.2
663.8
668.5
673.1
677.8
682.4
687.1
691.7
696.7
700.6
705.5
710.3
715.0
720.0
724.6
729.3
734.0
738.7
743.4
748.1
752.9
757.7
762.6
767.4
772.2
777.1
781.9
786.7
791.6
796.4
801.3
806.0
810.7
815.7
820.7
825.3
830.1
834.9
839.7
844.5
849.3
854.1
858.9
863.7
868.5
873.3
878.1
882.9
887.7
892.5
897.3
902.1
906.9
911.7
916.5
921.3
926.1
930.9
935.8
942.3
948.7
956.0
962.2
968.4
974.6
980.8
987.0
993.2
999.4
1005.6
1012.0
1018.5
1025.0
1031.4
1037.9
1044.4
1050.9
1057.1
1063.2
1069.4
1075.5
1081.7
1087.8
1094.0
1100.2
1106.4
1113.0
1119.5
1126.0
1132.5
1139.1
1145.6
1152.1
1158.4
1164.4
1170.5
1176.7
1182.7
1188.8
1194.9
1201.2
1207.5
1213.8
1220.1
1226.4
1232.7
1239.0
1245.3
1251.6
1257.8
1264.1
1270.3
1276.6
1282.8
1289.1
1295.4
1301.6
1308.1
1314.5
1320.9
1327.4
1333.8
1340.3
1346.7
1353.0
1359.2
1365.5
1371.7
1377.9
1384.2
1390.4
1396.6
1402.9
1409.3
1415.7
1422.0
1428.4
1434.7
1441.1
1447.4
1453.8
1460.2
1466.6
1473.1
1479.5
1485.9
1492.4
1498.8
1505.2
1511.4
1517.6
1523.8
1530.0
1536.2
1542.5
1548.7
1555.0
1561.3
1567.6
1573.9
1580.2
1586.5
1592.8
1599.1
1605.4
1611.7
1617.9
1624.2
1630.5
1636.7
1643.0
1649.3
1655.6
1662.1
1668.6
1675.0
1681.5
1688.0
1694.5
1701.0
1707.3
1713.3
1719.3
1725.3
1731.3
1737.3
1743.3
1749.3
1755.7
1762.1
1768.5
1774.9
1781.3
1787.7
1794.1
1800.5
1806.9
1813.3
1819.7
1826.1
1832.6
1839.0
1845.4
1851.9
1858.2
1864.7
1871.1
1877.6
1884.1
1890.5
1897.0
1903.5
1909.8
1915.9
1922.1
1928.2
1934.4
1940.5
1946.6
1952.8
1959.1
1965.3
1971.5
1977.7
1983.9
1990.1
1996.3
2002.6
2008.9
2015.2
2021.5
2027.9
2034.2
2040.5
2046.9
2053.2
2059.5
2065.8
2072.1
2078.4
2084.7
2091.0
2097.3
2103.6
2110.0
2116.3
2122.6
2129.0
2135.3
2141.6
2148.0
2154.3
2160.4
2166.6
2172.8
2178.9
2185.1
2191.2
2197.4
2203.5
2209.8
2216.2
2222.5
2228.9
2235.2
2241.6
2247.9
2254.3
2260.6
2266.8
2273.1
2279.3
2285.6
2291.8
2298.1
2304.3
2310.6
2316.8
2323.0
2329.2
2335.4
2341.7
2347.9
2354.1
2360.4
2367.2
2374.0
2380.8
2387.6
2394.4
2401.2
2407.5
2413.8
2420.0
2426.2
2432.5
2438.7
2444.9
2451.2
2457.4
2463.7
2470.0
