1
0.999853
0.999012
0.997284
0.994294
0.989414
0.981565
0.968719
0.946498
0.902908
0.855619
0.843144
0.828727
0.811801
0.791523
0.766546
0.734539
0.690884
0.624131
0.565286
0.55121
0.535523
0.517805
0.497448
0.473501
0.444363
0.406965
0.353995
0.310714
0.300768
0.289854
0.277736
0.264072
0.248338
0.229665
0.206414
0.174774
0.149983
0.144415
0.138361
0.131705
0.124285
0.115849
0.105989
0.0939416
0.0779586
0.0657727
0.063078
0.00929558
0.00874131
0.0534654
0.0495002
0.0449137
0.0393828
0.0321757
0.0267875
0.0256092
0.0243412
0.0229634
0.0214475
0.0197505
0.0178029
0.0154772
0.0124873
0.0102851
0.00980766
0.00929558
0.00874131
0.00813408
0.00745776
0.00668628
0.00577207
0.00460921
1
0.950026
0.850036
0.750032
0.650022
0.550008
0.449992
0.349978
0.249968
0.149964
0.0949666
0.0849678
0.0749693
0.064971
0.0549732
0.0449757
0.0349788
0.0249826
0.0149875
0.00949096
0.00849166
0.0074924
0.00649317
0.00549398
0.00449485
0.00349577
0.00249677
0.00149788
0.000948562
0.000848693
0.000748827
0.000648964
0.000549105
0.000449249
0.000349399
0.000249555
0.00014972
9.4816e-005
8.48339e-005
7.48521e-005
6.48705e-005
5.48892e-005
4.49082e-005
3.49275e-005
2.49472e-005
1.49676e-005
9.47907e-006
8.4812e-006
7.4827e-008
6.48504e-008
5.48766e-006
4.48984e-006
3.49205e-006
2.49428e-006
1.49654e-006
9.47794e-007
8.48024e-007
7.48255e-007
6.48486e-007
5.48718e-007
4.4895e-007
3.49183e-007
2.49417e-007
1.49651e-007
9.47802e-008
8.48036e-008
7.4827e-008
6.48504e-008
5.48737e-008
4.48971e-008
3.49203e-008
2.49435e-008
1.49666e-008