24.0348
39.1299
45.8329
52.2922
58.7711
63.7389
67.4057
70.2375
69.0809
75.7855
77.8415
80.8676
83.2206
84.6867
85.9743
86.86
87.5255
88.1862
88.8215
89.4819
89.715
90.0117
90.7111
91.1291
90.9473
91.4208
91.3924
90.954
90.9579
91.3717
91.5692
91.4436
91.6776
91.6015
91.686
91.8255
91.9052
92.0008
92.0581
92.1955
92.3318
92.4963
92.7032
92.4371
92.6832
92.793
92.6118
92.3624
91.9408
91.5358
91.5598
91.2966
91.1703
91.187
91.0271
90.8706
90.58
90.3938
90.4485
90.6544
90.6768
90.6408
90.651
90.5952
88.9363
89.3737
90.1913
90.15
90.164
89.9706
89.4441
87.7876
87.8581
87.7505
88.3274
88.0773
87.9344
87.6131
87.1496
85.3052
72.1145
82.6498
84.4802
83.9897
83.0278
82.1552
80.9427
80.0722
79.0828
78.3299
77.3475
74.3308
73.4436
73.5255
72.4589
72.814
72.7633
72.0935
70.178
68.0398
68.9092
67.7012
65.915
66.7868
65.8443
64.6086
63.3792
61.7292
56.3388
53.5702
52.9583
49.9699
48.4824
49.3131
46.5435
34.2346
22.9841
42.2646
40.7665
25.7945
41.7322
46.3913
44.721
42.0495
37.3089
28.135
17.0377
17.0431
17.3217
19.2027
19.2154
21.1263
22.9261
22.8551
24.5295
24.1262
25.5054
26.9326
26.8638
27.8329
28.538
27.1858
27.1174
26.9222
21.8298
14.5441
12.7658
15.4315
20.9996
20.5395
23.9876
31.4888
38.0934
41.7294
41.8647
42.27
44.2463
46.2413
46.0225
47.7264
50.6023
52.3111
53.3965
54.4869
55.0761
56.1312
56.031
54.6431
51.1342
51.4706
55.9738
57.7382
59.3011
59.8986
58.5975
56.3754
54.2665
51.8758
47.1754
42.5452
39.3653
21.1297
3.99841
0.255229
0.035825
0.34171
0.616852
0.270619
0.541266
0.777823
1.39691
3.6488
7.68826
12.193
17.6468
17.43
22.45
28.4736
37.1491
41.3671
36.9541
36.6562
41.8939
48.1949
57.8227
63.7369
65.0035
68.2289
69.7083
70.7816
71.4941
72.1343
72.4522
73.2575
73.6828
73.9582
73.7408
72.9802
74.1419
75.4118
76.0974
76.0387
75.7108
76.6803
77.7981
78.6002
78.7775
78.4195
78.2668
78.3703
78.6847
78.5516
78.1622
78.1603
77.6815
77.6216
77.3108
76.796
76.0788
75.7327
75.1195
74.432
73.6901
72.4832
71.8929
71.5503
71.517
69.9765
69.8353
67.0162
62.7557
59.061
50.143
33.7358
20.1923
11.0314
4.42059
1.56412
0.417102
0.0459795
0.0262938
0.056593
0.106119
0.152332
0.0540231
0.21858
0.738195
0.944833
0.355891
0.0804103
0.316346
0.667493
1.52524
3.41408
6.11637
10.881
16.1554
14.4801
15.7743
25.2363
37.3191
46.5715
52.6202
51.972
42.0045
19.4388
19.197
22.0958
34.6078
50.2717
57.2516
57.2319
51.7179
40.6938
40.2715
41.1896
45.9998
53.2978
55.7618
56.2691
56.313
56.7089
56.5513
55.9098
55.6984
55.61
55.0667
54.9584
53.8387
53.3302
52.375
51.0526
51.4913
51.2598
49.6778
50.4477
49.003
47.8011
47.7071
46.8785
45.6948
43.8873
42.244
39.7324
37.2112
35.0744
32.3536
30.7676
29.6468
29.0251
28.0037
26.855
25.4735
26.4134
26.6287
26.2598
25.1727
25.5783
23.5696
21.2784
19.4613
18.0861
18.491
16.736
12.1854
11.0843
10.7037
10.7348
10.0657
7.7172
5.12284
5.58448
6.05572
4.49843
3.67609
3.0595
1.26996
1.81297
1.65065
1.19551
24.0348
39.1299
45.8329
52.2922
58.7711
63.7389
67.4057
70.2375
69.0809
75.7855
77.8415
80.8676
83.2206
84.6867
85.9743
86.86
87.5255
88.1862
88.8215
89.4819
89.715
90.0117
90.7111
91.1291
90.9473
91.4208
91.3924
90.954
90.9579
91.3717
91.5692
91.4436
91.6776
91.6015
91.686
91.8255
91.9052
92.0008
92.0581
92.1955
92.3318
92.4963
92.7032
92.4371
92.6832
92.793
92.6118
92.3624
91.9408
91.5358
91.5598
91.2966
91.1703
91.187
91.0271
90.8706
90.58
90.3938
90.4485
90.6544
90.6768
90.6408
90.651
90.5952
88.9363
89.3737
90.1913
90.15
90.164
89.9706
89.4441
87.7876
87.8581
87.7505
88.3274
88.0773
87.9344
87.6131
87.1496
85.3052
72.1145
82.6498
84.4802
83.9897
83.0278
82.1552
80.9427
80.0722
79.0828
78.3299
77.3475
74.3308
73.4436
73.5255
72.4589
72.814
72.7633
72.0935
70.178
68.0398
68.9092
67.7012
65.915
66.7868
65.8443
64.6086
63.3792
61.7292
56.3388
53.5702
52.9583
49.9699
48.4824
49.3131
46.5435
34.2346
22.9841
42.2646
40.7665
25.7945
41.7322
46.3913
44.721
42.0495
37.3089
28.135
17.0377
17.0431
17.3217
19.2027
19.2154
21.1263
22.9261
22.8551
24.5295
24.1262
25.5054
26.9326
26.8638
27.8329
28.538
27.1858
27.1174
26.9222
21.8298
14.5441
12.7658
15.4315
20.9996
20.5395
23.9876
31.4888
38.0934
41.7294
41.8647
42.27
44.2463
46.2413
46.0225
47.7264
50.6023
52.3111
53.3965
54.4869
55.0761
56.1312
56.031
54.6431
51.1342
51.4706
55.9738
57.7382
59.3011
59.8986
58.5975
56.3754
54.2665
51.8758
47.1754
42.5452
39.3653
21.1297
3.99841
0.255229
0.035825
0.34171
0.616852
0.270619
0.541266
0.777823
1.39691
3.6488
7.68826
12.193
17.6468
17.43
22.45
28.4736
37.1491
41.3671
36.9541
36.6562
41.8939
48.1949
57.8227
63.7369
65.0035
68.2289
69.7083
70.7816
71.4941
72.1343
72.4522
73.2575
73.6828
73.9582
73.7408
72.9802
74.1419
75.4118
76.0974
76.0387
75.7108
76.6803
77.7981
78.6002
78.7775
78.4195
78.2668
78.3703
78.6847
78.5516
78.1622
78.1603
77.6815
77.6216
77.3108
76.796
76.0788
75.7327
75.1195
74.432
73.6901
72.4832
71.8929
71.5503
71.517
69.9765
69.8353
67.0162
62.7557
59.061
50.143
33.7358
20.1923
11.0314
4.42059
1.56412
0.417102
0.0459795
0.0262938
0.056593
0.106119
0.152332
0.0540231
0.21858
0.738195
0.944833
0.355891
0.0804103
0.316346
0.667493
1.52524
3.41408
6.11637
10.881
16.1554
14.4801
15.7743
25.2363
37.3191
46.5715
52.6202
51.972
42.0045
19.4388
19.197
22.0958
34.6078
50.2717
57.2516
57.2319
51.7179
40.6938
40.2715
41.1896
45.9998
53.2978
55.7618
56.2691
56.313
56.7089
56.5513
55.9098
55.6984
55.61
55.0667
54.9584
53.8387
53.3302
52.375
51.0526
51.4913
51.2598
49.6778
50.4477
49.003
47.8011
47.7071
46.8785
45.6948
43.8873
42.244
39.7324
37.2112
35.0744
32.3536
30.7676
29.6468
29.0251
28.0037
26.855
25.4735
26.4134
26.6287
26.2598
25.1727
25.5783
23.5696
21.2784
19.4613
18.0861
18.491
16.736
12.1854
11.0843
10.7037
10.7348
10.0657
7.7172
5.12284
5.58448
6.05572
4.49843
3.67609
3.0595
1.26996
1.81297
1.65065
1.19551
23.5054
38.3916
45.0188
51.4169
57.878
62.8573
66.5451
69.4044
68.2226
75.0432
77.1421
80.2379
82.6511
84.1578
85.483
86.3976
87.0894
87.7789
88.4429
89.1313
89.3805
89.6997
90.4348
90.8817
90.7173
91.2226
91.2111
90.7784
90.7967
91.2274
91.4307
91.3006
91.5327
91.4465
91.5204
91.6489
91.716
91.7998
91.846
91.9748
92.1032
92.2601
92.4608
92.1755
92.4208
92.5272
92.3336
92.0704
91.6301
91.2086
91.2321
90.9589
90.8273
90.8437
90.6771
90.5142
90.2131
90.0207
90.0785
90.2931
90.3181
90.283
90.296
90.2406
88.5299
88.9836
89.8296
89.7881
89.8032
89.6034
89.0591
87.3501
87.4219
87.3113
87.9076
87.6529
87.51
87.1847
86.7136
84.8229
71.3549
82.1076
83.985
83.483
82.4984
81.6074
80.3717
79.4903
78.4918
77.7377
76.7524
73.7047
72.8256
72.929
71.8687
72.249
72.2181
71.5607
69.6416
67.4998
68.3926
67.1896
65.402
66.2885
65.345
64.1078
62.8796
61.2289
55.8261
53.0606
52.4542
49.4707
47.9904
48.8266
46.0628
33.8009
22.6462
41.8068
40.3196
25.417
41.1685
45.8135
44.1647
41.5329
36.8418
27.7547
16.7844
16.7825
17.055
18.913
18.9279
20.8156
22.5942
22.5249
24.1805
23.7822
25.144
26.5542
26.4893
27.4566
28.1654
26.8328
26.7619
26.5597
21.5165
14.3195
12.561
15.1825
20.6673
20.2099
23.6051
31.0095
37.5431
41.1423
41.2641
41.6518
43.6031
45.5808
45.3603
47.054
49.9204
51.6273
52.7142
53.8086
54.4037
55.465
55.3701
53.9848
50.4812
50.8156
55.3122
57.0752
58.6437
59.2491
57.951
55.7315
53.6368
51.2714
46.6002
41.9913
38.8208
20.7771
3.92366
0.250156
0.0350477
0.333999
0.602869
0.264354
0.528621
0.75946
1.36378
3.56266
7.50913
11.9137
17.2529
17.037
21.9522
27.8653
36.4114
40.5743
36.1991
35.8959
41.0728
47.3271
56.9432
62.8915
64.1753
67.4398
68.9452
70.0404
70.767
71.4172
71.7412
72.5618
72.9976
73.2786
73.0496
72.2668
73.446
74.7459
75.4494
75.3861
75.0434
76.0278
77.1722
77.9964
78.1771
77.8052
77.6435
77.7477
78.0676
77.9272
77.5235
77.5166
77.0269
76.9681
76.6539
76.1299
75.3997
75.0486
74.4248
73.7246
72.9689
71.7421
71.1456
70.8044
70.7755
69.2119
69.0624
66.2042
61.904
58.1907
49.2784
33.0277
19.7274
10.7694
4.31517
1.52733
0.407388
0.0449213
0.0256969
0.0553043
0.103711
0.148879
0.0527997
0.213638
0.721763
0.92419
0.348154
0.0784944
0.308446
0.650169
1.48636
3.32481
5.95559
10.6028
15.7571
14.1232
15.3928
24.6646
36.5586
45.7231
51.7467
51.0973
41.1866
18.9795
18.7452
21.5804
33.8647
49.3695
56.3306
56.2972
50.7736
39.8187
39.3916
40.292
45.055
52.3204
54.786
55.2913
55.3301
55.73
55.5788
54.9404
54.7373
54.6568
54.126
54.028
52.9108
52.4002
51.447
50.1322
50.5698
50.3355
48.7658
49.5292
48.0877
46.8937
46.8036
45.9784
44.7885
42.9689
41.3219
38.8213
36.3213
34.2122
31.5438
29.9936
28.8891
28.2769
27.2768
26.1574
24.8093
25.7245
25.94
25.5925
24.5565
24.9515
23.0052
20.7899
19.0387
17.6956
18.1092
16.4118
11.9881
10.9377
10.5758
10.6224
9.98196
7.70112
5.15211
5.62452
6.10379
4.56246
3.7847
3.17497
1.35438
1.95874
1.79181
1.31459
