HyMap
; Estimated on October 27, 2009

ndim               126
aperture          25.0
ifov              2.50
nbits               12
elfnfac              0
lwir                 0


;Pixel      W/lgth          BW         opt        qntm         LSB       NOISE         opt
;No.          [um]        [um]       trans         eff       [e's]       Fixed     degrade
   0      0.453800    0.014000    0.500000    0.600000        50.0       150.0         1.0
   1      0.467400    0.014200    0.500000    0.600000        50.0       150.0         1.0
   2      0.481900    0.014200    0.500000    0.600000        50.0       150.0         1.0
   3      0.496900    0.014600    0.500000    0.600000        50.0       150.0         1.0
   4      0.511700    0.014900    0.500000    0.600000        50.0       150.0         1.0
   5      0.526500    0.014800    0.500000    0.600000        50.0       150.0         1.0
   6      0.541600    0.014900    0.500000    0.600000        50.0       150.0         1.0
   7      0.556500    0.014700    0.500000    0.600000        50.0       150.0         1.0
   8      0.571200    0.014500    0.500000    0.600000        50.0       150.0         1.0
   9      0.585900    0.014500    0.500000    0.600000        50.0       150.0         1.0
  10      0.600700    0.014800    0.500000    0.600000        50.0       150.0         1.0
  11      0.615500    0.014700    0.500000    0.600000        50.0       150.0         1.0
  12      0.630000    0.014300    0.500000    0.600000        50.0       150.0         1.0
  13      0.644300    0.014400    0.500000    0.600000        50.0       150.0         1.0
  14      0.658900    0.014900    0.500000    0.600000        50.0       150.0         1.0
  15      0.673600    0.014800    0.500000    0.600000        50.0       150.0         1.0
  16      0.688000    0.014600    0.500000    0.600000        50.0       150.0         1.0
  17      0.702400    0.014800    0.500000    0.600000        50.0       150.0         1.0
  18      0.716900    0.014900    0.500000    0.600000        50.0       150.0         1.0
  19      0.731300    0.014600    0.500000    0.600000        50.0       150.0         1.0
  20      0.745400    0.014600    0.500000    0.600000        50.0       150.0         1.0
  21      0.759600    0.014800    0.500000    0.600000        50.0       150.0         1.0
  22      0.773900    0.015200    0.500000    0.600000        50.0       150.0         1.0
  23      0.788100    0.014800    0.500000    0.600000        50.0       150.0         1.0
  24      0.802200    0.014700    0.500000    0.600000        50.0       150.0         1.0
  25      0.816300    0.015000    0.500000    0.600000        50.0       150.0         1.0
  26      0.830700    0.015300    0.500000    0.600000        50.0       150.0         1.0
  27      0.844900    0.015100    0.500000    0.600000        50.0       150.0         1.0
  28      0.858900    0.014800    0.500000    0.600000        50.0       150.0         1.0
  29      0.872500    0.015200    0.500000    0.600000        50.0       150.0         1.0
  30      0.874800    0.017000    0.500000    0.600000        50.0       150.0         1.0
  31      0.891900    0.016700    0.500000    0.600000        50.0       150.0         1.0
  32      0.907300    0.015100    0.500000    0.600000        50.0       150.0         1.0
  33      0.922800    0.016500    0.500000    0.600000        50.0       150.0         1.0
  34      0.938600    0.016200    0.500000    0.600000        50.0       150.0         1.0
  35      0.954100    0.015400    0.500000    0.600000        50.0       150.0         1.0
  36      0.969200    0.015500    0.500000    0.600000        50.0       150.0         1.0
  37      0.984400    0.016200    0.500000    0.600000        50.0       150.0         1.0
  38      0.999900    0.015700    0.500000    0.600000        50.0       150.0         1.0
  39      1.014900    0.015200    0.500000    0.600000        50.0       150.0         1.0
  40      1.029900    0.015600    0.500000    0.600000        50.0       150.0         1.0
  41      1.045100    0.015800    0.500000    0.600000        50.0       150.0         1.0
  42      1.060100    0.014800    0.500000    0.600000        50.0       150.0         1.0
  43      1.074600    0.015700    0.500000    0.600000        50.0       150.0         1.0
  44      1.089200    0.016200    0.500000    0.600000        50.0       150.0         1.0
  45      1.104100    0.015800    0.500000    0.600000        50.0       150.0         1.0
  46      1.118600    0.014800    0.500000    0.600000        50.0       150.0         1.0
  47      1.133000    0.014900    0.500000    0.600000        50.0       150.0         1.0
  48      1.147400    0.016100    0.500000    0.600000        50.0       150.0         1.0
  49      1.161800    0.015400    0.500000    0.600000        50.0       150.0         1.0
  50      1.176000    0.015300    0.500000    0.600000        50.0       150.0         1.0
  51      1.190200    0.015600    0.500000    0.600000        50.0       150.0         1.0
  52      1.204300    0.014600    0.500000    0.600000        50.0       150.0         1.0
  53      1.218300    0.015100    0.500000    0.600000        50.0       150.0         1.0
  54      1.232100    0.014700    0.500000    0.600000        50.0       150.0         1.0
  55      1.246100    0.014800    0.500000    0.600000        50.0       150.0         1.0
  56      1.260200    0.015300    0.500000    0.600000        50.0       150.0         1.0
  57      1.274100    0.014300    0.500000    0.600000        50.0       150.0         1.0
  58      1.287600    0.014900    0.500000    0.600000        50.0       150.0         1.0
  59      1.301200    0.015200    0.500000    0.600000        50.0       150.0         1.0
  60      1.315200    0.015100    0.500000    0.600000        50.0       150.0         1.0
  61      1.328900    0.015200    0.500000    0.600000        50.0       150.0         1.0
  62      1.389300    0.014100    0.500000    0.600000        50.0       150.0         1.0
  63      1.404200    0.016200    0.500000    0.600000        50.0       150.0         1.0
  64      1.419300    0.015800    0.500000    0.600000        50.0       150.0         1.0
  65      1.433500    0.015100    0.500000    0.600000        50.0       150.0         1.0
  66      1.448000    0.015100    0.500000    0.600000        50.0       150.0         1.0
  67      1.462400    0.015600    0.500000    0.600000        50.0       150.0         1.0
  68      1.477000    0.015000    0.500000    0.600000        50.0       150.0         1.0
  69      1.490900    0.014800    0.500000    0.600000        50.0       150.0         1.0
  70      1.504800    0.015200    0.500000    0.600000        50.0       150.0         1.0
  71      1.518600    0.015100    0.500000    0.600000        50.0       150.0         1.0
  72      1.532500    0.014900    0.500000    0.600000        50.0       150.0         1.0
  73      1.546100    0.014900    0.500000    0.600000        50.0       150.0         1.0
  74      1.559800    0.015100    0.500000    0.600000        50.0       150.0         1.0
  75      1.573200    0.014600    0.500000    0.600000        50.0       150.0         1.0
  76      1.586400    0.014500    0.500000    0.600000        50.0       150.0         1.0
  77      1.599500    0.014600    0.500000    0.600000        50.0       150.0         1.0
  78      1.612800    0.014800    0.500000    0.600000        50.0       150.0         1.0
  79      1.626000    0.014300    0.500000    0.600000        50.0       150.0         1.0
  80      1.638800    0.014300    0.500000    0.600000        50.0       150.0         1.0
  81      1.651700    0.014300    0.500000    0.600000        50.0       150.0         1.0
  82      1.664500    0.014400    0.500000    0.600000        50.0       150.0         1.0
  83      1.677200    0.014000    0.500000    0.600000        50.0       150.0         1.0
  84      1.689700    0.013900    0.500000    0.600000        50.0       150.0         1.0
  85      1.702300    0.014000    0.500000    0.600000        50.0       150.0         1.0
  86      1.714900    0.013900    0.500000    0.600000        50.0       150.0         1.0
  87      1.727300    0.013400    0.500000    0.600000        50.0       150.0         1.0
  88      1.739500    0.013300    0.500000    0.600000        50.0       150.0         1.0
  89      1.751800    0.013300    0.500000    0.600000        50.0       150.0         1.0
  90      1.764000    0.013100    0.500000    0.600000        50.0       150.0         1.0
  91      1.776000    0.012700    0.500000    0.600000        50.0       150.0         1.0
  92      1.788000    0.012600    0.500000    0.600000        50.0       150.0         1.0
  93      1.799900    0.013400    0.500000    0.600000        50.0       150.0         1.0
  94      1.952400    0.021300    0.500000    0.600000        50.0       150.0         1.0
  95      1.971700    0.021400    0.500000    0.600000        50.0       150.0         1.0
  96      1.991000    0.020900    0.500000    0.600000        50.0       150.0         1.0
  97      2.010100    0.020700    0.500000    0.600000        50.0       150.0         1.0
  98      2.029000    0.020400    0.500000    0.600000        50.0       150.0         1.0
  99      2.048000    0.020800    0.500000    0.600000        50.0       150.0         1.0
 100      2.067200    0.020800    0.500000    0.600000        50.0       150.0         1.0
 101      2.086200    0.020300    0.500000    0.600000        50.0       150.0         1.0
 102      2.104800    0.019700    0.500000    0.600000        50.0       150.0         1.0
 103      2.123000    0.019300    0.500000    0.600000        50.0       150.0         1.0
 104      2.141000    0.019000    0.500000    0.600000        50.0       150.0         1.0
 105      2.159100    0.019300    0.500000    0.600000        50.0       150.0         1.0
 106      2.177000    0.019200    0.500000    0.600000        50.0       150.0         1.0
 107      2.194600    0.018700    0.500000    0.600000        50.0       150.0         1.0
 108      2.213400    0.019000    0.500000    0.600000        50.0       150.0         1.0
 109      2.231000    0.017600    0.500000    0.600000        50.0       150.0         1.0
 110      2.248200    0.018200    0.500000    0.600000        50.0       150.0         1.0
 111      2.265700    0.017900    0.500000    0.600000        50.0       150.0         1.0
 112      2.283100    0.018300    0.500000    0.600000        50.0       150.0         1.0
 113      2.300600    0.017500    0.500000    0.600000        50.0       150.0         1.0
 114      2.317600    0.017000    0.500000    0.600000        50.0       150.0         1.0
 115      2.334500    0.016800    0.500000    0.600000        50.0       150.0         1.0
 116      2.351100    0.016800    0.500000    0.600000        50.0       150.0         1.0
 117      2.367600    0.016900    0.500000    0.600000        50.0       150.0         1.0
 118      2.384400    0.016900    0.500000    0.600000        50.0       150.0         1.0
 119      2.401100    0.017000    0.500000    0.600000        50.0       150.0         1.0
 120      2.417700    0.016600    0.500000    0.600000        50.0       150.0         1.0
 121      2.433700    0.016600    0.500000    0.600000        50.0       150.0         1.0
 122      2.449600    0.016200    0.500000    0.600000        50.0       150.0         1.0
 123      2.465300    0.015900    0.500000    0.600000        50.0       150.0         1.0
 124      2.480900    0.016100    0.500000    0.600000        50.0       150.0         1.0
 125      2.496300    0.014600    0.500000    0.600000        50.0       150.0         1.0
