       1670.844    1.96062E+01
       1670.565    1.91190E+01
       1670.286    1.96720E+01
       1670.007    1.98176E+01
       1669.728    1.96573E+01
       1669.449    1.92399E+01
       1669.170    1.93603E+01
       1668.892    1.86498E+01
       1668.613    1.92071E+01
       1668.335    1.91113E+01
       1668.057    1.90942E+01
       1667.778    1.93661E+01
       1667.500    1.92327E+01
       1667.222    1.81866E+01
       1666.944    1.87694E+01
       1666.667    1.83756E+01
       1666.389    1.66997E+01
       1666.111    1.63283E+01
       1665.834    1.33265E+01
       1665.556    1.36536E+01
       1665.279    1.76447E+01
       1665.002    1.97032E+01
       1664.724    1.96944E+01
       1664.447    1.98573E+01
       1664.170    1.98963E+01
       1663.893    1.97200E+01
       1663.617    1.90625E+01
       1663.340    1.98573E+01
       1663.063    1.98907E+01
       1662.787    1.99654E+01
       1662.510    1.97272E+01
       1662.234    1.85239E+01
       1661.958    1.97198E+01
       1661.682    1.98921E+01
       1661.406    1.89592E+01
       1661.130    2.01101E+01
       1660.854    2.01971E+01
       1660.578    2.02047E+01
       1660.302    2.01654E+01
       1660.027    1.98543E+01
       1659.751    1.99223E+01
       1659.476    1.91587E+01
       1659.200    2.00092E+01
       1658.925    1.99993E+01
       1658.650    1.98247E+01
       1658.375    2.01339E+01
       1658.100    2.00993E+01
       1657.825    1.97247E+01
       1657.550    2.01850E+01
       1657.275    1.97204E+01
       1657.001    1.98192E+01
       1656.726    2.00667E+01
       1656.452    1.81382E+01
       1656.177    1.99219E+01
       1655.903    1.96683E+01
       1655.629    1.99308E+01
       1655.355    1.99044E+01
       1655.081    1.96365E+01
       1654.807    1.99360E+01
       1654.533    2.00885E+01
       1654.260    2.01606E+01
       1653.986    2.00163E+01
       1653.713    1.60431E+01
       1653.439    1.90111E+01
       1653.166    2.00981E+01
       1652.893    2.00829E+01
       1652.619    2.00249E+01
       1652.346    2.00454E+01
       1652.073    1.86716E+01
       1651.801    2.00775E+01
       1651.528    1.96723E+01
       1651.255    1.98980E+01
       1650.982    1.48812E+01
       1650.710    1.94021E+01
       1650.437    1.97502E+01
       1650.165    1.96953E+01
       1649.893    2.01857E+01
       1649.620    1.93065E+01
       1649.349    1.93385E+01
       1649.076    1.98082E+01
       1648.805    1.96070E+01
       1648.533    1.92095E+01
       1648.261    1.62081E+01
       1647.990    1.95659E+01
       1647.718    2.01764E+01
       1647.447    1.99239E+01
       1647.175    2.00858E+01
       1646.904    2.03141E+01
       1646.633    2.01212E+01
       1646.362    2.00409E+01
       1646.090    1.97593E+01
       1645.820    2.00431E+01
       1645.549    1.41922E+01
       1645.278    1.94111E+01
       1645.007    2.00219E+01
       1644.737    1.97266E+01
       1644.466    1.96502E+01
       1644.196    2.00400E+01
       1643.926    1.95914E+01
       1643.656    1.95616E+01
       1643.385    1.99798E+01
       1643.115    1.93843E+01
       1642.845    1.53900E+01
       1642.576    1.99219E+01
       1642.306    1.92806E+01
       1642.036    1.93705E+01
       1641.767    1.97246E+01
       1641.497    1.92669E+01
       1641.228    1.93264E+01
       1640.958    1.97793E+01
       1640.689    1.94261E+01
       1640.420    1.63457E+01
       1640.151    1.89549E+01
       1639.882    1.97572E+01
       1639.613    1.87706E+01
       1639.344    1.93511E+01
       1639.076    1.94253E+01
       1638.807    1.97365E+01
       1638.538    1.95824E+01
       1638.270    1.97412E+01
       1638.002    1.98333E+01
       1637.733    1.71718E+01
       1637.465    2.00235E+01
       1637.197    2.02492E+01
       1636.929    2.03399E+01
       1636.661    2.01138E+01
       1636.393    2.06298E+01
       1636.126    2.05800E+01
       1635.858    2.07698E+01
       1635.590    2.01340E+01
       1635.323    1.95692E+01
       1635.056    2.06916E+01
       1634.788    2.08437E+01
       1634.521    2.07692E+01
       1634.254    2.07465E+01
       1633.987    2.07473E+01
       1633.720    2.05585E+01
       1633.453    2.06029E+01
       1633.186    2.04417E+01
       1632.920    2.00131E+01
       1632.653    2.06581E+01
       1632.387    2.05431E+01
       1632.120    2.09669E+01
       1631.854    2.11803E+01
       1631.588    2.10912E+01
       1631.321    2.11455E+01
       1631.055    2.11063E+01
       1630.789    2.08617E+01
       1630.523    2.03347E+01
       1630.258    2.10836E+01
       1629.992    2.11546E+01
       1629.726    2.12093E+01
       1629.461    2.12016E+01
       1629.195    2.12718E+01
       1628.930    2.13757E+01
       1628.665    2.11949E+01
       1628.399    2.13754E+01
       1628.134    2.10874E+01
       1627.869    2.14778E+01
       1627.604    2.14315E+01
       1627.339    2.12807E+01
       1627.074    2.13147E+01
       1626.810    2.13956E+01
       1626.545    2.12989E+01
       1626.281    2.12901E+01
       1626.016    2.10280E+01
       1625.752    2.12348E+01
       1625.488    2.12050E+01
       1625.224    2.11021E+01
       1624.959    2.12657E+01
       1624.695    2.11773E+01
       1624.432    2.13427E+01
       1624.168    2.13156E+01
       1623.904    2.12871E+01
       1623.640    2.14250E+01
       1623.377    2.14776E+01
       1623.113    2.14373E+01
       1622.850    2.12978E+01
       1622.586    2.12894E+01
       1622.323    2.11223E+01
       1622.060    2.11071E+01
       1621.797    2.09275E+01
       1621.534    2.08682E+01
       1621.271    2.07337E+01
       1621.008    2.06787E+01
       1620.745    2.05886E+01
       1620.483    2.05784E+01
       1620.220    2.06448E+01
       1619.958    2.08566E+01
       1619.696    2.09091E+01
       1619.433    2.11911E+01
       1619.171    2.11008E+01
       1618.909    2.10210E+01
       1618.647    2.10482E+01
       1618.385    2.13616E+01
       1618.123    2.12217E+01
       1617.861    2.12366E+01
       1617.599    2.09976E+01
       1617.338    2.10140E+01
       1617.076    2.08248E+01
       1616.815    2.02632E+01
       1616.554    2.03391E+01
       1616.292    2.02591E+01
       1616.031    2.06330E+01
       1615.770    2.02858E+01
       1615.509    2.08608E+01
       1615.248    2.03841E+01
       1614.987    2.11953E+01
       1614.726    2.04854E+01
       1614.466    2.13685E+01
       1614.205    2.04136E+01
       1613.945    2.13860E+01
       1613.684    2.02417E+01
       1613.424    2.09576E+01
       1613.163    1.98645E+01
       1612.903    2.12875E+01
       1612.643    1.93915E+01
       1612.383    2.11381E+01
       1612.123    1.90774E+01
       1611.863    2.09023E+01
       1611.604    1.86701E+01
       1611.344    2.07219E+01
       1611.084    1.82118E+01
       1610.825    2.06173E+01
       1610.565    1.72564E+01
       1610.306    2.03903E+01
       1610.047    1.72450E+01
       1609.787    2.06863E+01
       1609.528    1.73640E+01
       1609.269    2.08666E+01
       1609.010    1.76877E+01
       1608.752    1.79412E+01
       1608.493    2.11806E+01
       1608.234    1.79166E+01
       1607.976    2.14553E+01
       1607.717    1.82422E+01
       1607.459    1.85141E+01
       1607.200    2.13718E+01
       1606.942    1.88273E+01
       1606.684    2.13709E+01
       1606.426    1.95034E+01
       1606.168    2.05185E+01
       1605.910    2.15328E+01
       1605.652    2.16224E+01
       1605.394    2.11690E+01
       1605.136    2.00743E+01
       1604.879    2.15308E+01
       1604.621    1.93004E+01
       1604.364    1.88357E+01
       1604.107    2.13406E+01
       1603.849    1.83453E+01
       1603.592    1.81905E+01
       1603.335    1.79979E+01
       1603.078    2.13247E+01
       1602.821    1.79359E+01
       1602.564    1.78085E+01
       1602.307    1.80925E+01
       1602.051    2.06736E+01
       1601.794    1.81588E+01
       1601.537    1.81909E+01
       1601.281    1.83176E+01
       1601.025    1.88063E+01
       1600.768    1.90812E+01
       1600.512    2.15003E+01
       1600.256    1.95820E+01
       1600.000    2.00034E+01
       1599.744    2.03646E+01
       1599.488    2.07545E+01
       1599.232    2.09885E+01
       1598.977    2.12536E+01
       1598.721    2.13725E+01
       1598.465    2.15018E+01
       1598.210    2.19886E+01
       1597.955    2.21179E+01
       1597.699    2.21072E+01
       1597.444    2.17486E+01
       1597.189    2.13512E+01
       1596.934    2.16993E+01
       1596.679    2.13926E+01
       1596.424    2.15145E+01
       1596.169    2.11995E+01
       1595.914    2.17053E+01
       1595.660    2.19099E+01
       1595.405    2.21177E+01
       1595.151    2.22736E+01
       1594.896    2.23124E+01
       1594.642    2.23942E+01
       1594.388    2.18381E+01
       1594.134    2.23971E+01
       1593.880    2.24564E+01
       1593.625    2.24429E+01
       1593.372    2.23734E+01
       1593.118    2.24086E+01
       1592.864    2.23114E+01
       1592.610    2.22382E+01
       1592.357    2.17879E+01
       1592.103    2.19916E+01
       1591.850    2.17308E+01
       1591.596    2.11439E+01
       1591.343    2.14016E+01
       1591.090    2.12347E+01
       1590.837    2.10477E+01
       1590.584    2.09984E+01
       1590.331    2.05927E+01
       1590.078    2.07230E+01
       1589.825    2.06254E+01
       1589.572    2.05001E+01
       1589.320    2.04911E+01
       1589.067    2.05148E+01
       1588.815    2.07058E+01
       1588.562    2.09051E+01
       1588.310    2.12206E+01
       1588.058    2.14770E+01
       1587.806    2.16038E+01
       1587.554    2.18516E+01
       1587.302    2.13960E+01
       1587.050    2.19110E+01
       1586.798    2.18704E+01
       1586.546    2.22577E+01
       1586.294    2.15388E+01
       1586.043    2.23682E+01
       1585.791    2.23742E+01
       1585.540    2.21381E+01
       1585.289    2.24708E+01
       1585.037    2.20057E+01
       1584.786    2.23308E+01
       1584.535    2.17259E+01
       1584.284    2.22773E+01
       1584.033    2.14260E+01
       1583.782    2.21933E+01
       1583.531    2.11219E+01
       1583.281    2.19570E+01
       1583.030    2.03356E+01
       1582.779    2.19661E+01
       1582.529    2.03601E+01
       1582.278    2.19449E+01
       1582.028    2.02358E+01
       1581.778    2.21009E+01
       1581.528    2.01493E+01
       1581.278    2.24299E+01
       1581.028    2.00989E+01
       1580.778    2.25977E+01
       1580.528    1.98525E+01
       1580.278    2.25784E+01
       1580.028    1.95531E+01
       1579.779    2.25284E+01
       1579.529    1.91676E+01
       1579.280    2.22528E+01
       1579.031    1.90968E+01
       1578.781    1.83016E+01
       1578.532    2.20129E+01
       1578.283    1.81794E+01
       1578.034    2.16043E+01
       1577.785    1.77146E+01
       1577.536    2.09180E+01
       1577.287    1.78160E+01
       1577.038    1.80704E+01
       1576.790    2.09547E+01
       1576.541    1.86761E+01
       1576.292    2.14180E+01
       1576.044    1.98660E+01
       1575.796    2.06133E+01
       1575.547    2.17072E+01
       1575.299    2.17268E+01
       1575.051    2.11391E+01
       1574.803    2.01291E+01
       1574.555    2.17468E+01
       1574.307    1.95551E+01
       1574.059    1.92282E+01
       1573.812    2.22307E+01
       1573.564    1.91304E+01
       1573.317    1.83540E+01
       1573.069    1.89588E+01
       1572.822    2.22194E+01
       1572.574    1.85250E+01
       1572.327    1.86387E+01
       1572.080    1.89168E+01
       1571.833    2.23439E+01
       1571.586    1.89967E+01
       1571.339    1.90297E+01
       1571.092    1.94658E+01
       1570.845    1.95823E+01
       1570.598    2.00172E+01
       1570.352    2.03790E+01
       1570.105    2.05215E+01
       1569.859    2.07977E+01
       1569.612    2.12943E+01
       1569.366    2.15532E+01
       1569.120    2.17183E+01
       1568.874    2.18910E+01
       1568.627    2.21190E+01
       1568.381    2.22776E+01
       1568.135    2.23943E+01
       1567.890    2.22469E+01
       1567.644    2.26309E+01
       1567.398    2.27790E+01
       1567.152    2.27982E+01
       1566.907    2.27545E+01
       1566.661    2.29108E+01
       1566.416    2.29374E+01
       1566.171    2.28137E+01
       1565.926    2.27603E+01
       1565.680    2.31024E+01
       1565.435    2.32004E+01
       1565.190    2.32668E+01
       1564.945    2.32499E+01
       1564.700    2.32955E+01
       1564.456    2.28574E+01
       1564.211    2.30688E+01
       1563.966    2.30633E+01
       1563.722    2.31485E+01
       1563.477    2.30804E+01
       1563.233    2.31933E+01
       1562.988    2.31955E+01
       1562.744    2.32118E+01
       1562.500    2.29980E+01
       1562.256    2.29102E+01
       1562.012    2.34893E+01
       1561.768    2.35600E+01
       1561.524    2.36007E+01
       1561.280    2.35812E+01
       1561.037    2.35878E+01
       1560.793    2.33579E+01
       1560.549    2.35017E+01
       1560.306    2.34207E+01
       1560.062    2.32156E+01
       1559.819    2.32189E+01
       1559.576    2.31632E+01
       1559.333    2.32836E+01
       1559.090    2.33084E+01
       1558.846    2.31277E+01
       1558.604    2.33591E+01
       1558.361    2.33917E+01
       1558.118    2.32816E+01
       1557.875    2.34864E+01
       1557.632    2.35037E+01
       1557.390    2.35232E+01
       1557.147    2.34838E+01
       1556.905    2.33718E+01
       1556.663    2.33612E+01
       1556.420    2.29610E+01
       1556.178    2.31808E+01
       1555.936    2.32112E+01
       1555.694    2.32254E+01
       1555.452    2.32536E+01
       1555.210    2.32738E+01
       1554.968    2.32848E+01
       1554.726    2.31065E+01
       1554.485    2.32238E+01
       1554.243    2.28086E+01
       1554.002    2.32361E+01
       1553.760    2.32502E+01
       1553.519    2.33692E+01
       1553.277    2.34691E+01
       1553.036    2.35184E+01
       1552.795    2.36862E+01
       1552.554    2.36308E+01
       1552.313    2.37110E+01
       1552.072    2.27917E+01
       1551.831    2.36828E+01
       1551.590    2.38322E+01
       1551.350    2.37823E+01
       1551.109    2.33715E+01
       1550.869    2.36388E+01
       1550.628    2.34931E+01
       1550.388    2.35772E+01
       1550.147    2.35796E+01
       1549.907    2.36025E+01
       1549.667    2.34222E+01
       1549.427    2.36976E+01
       1549.187    2.37266E+01
       1548.947    2.37269E+01
       1548.707    2.36782E+01
       1548.467    2.36280E+01
       1548.227    2.35421E+01
       1547.988    2.31780E+01
       1547.748    2.34956E+01
       1547.508    2.34155E+01
       1547.269    2.35714E+01
       1547.030    2.38183E+01
       1546.790    2.38837E+01
       1546.551    2.36455E+01
       1546.312    2.39771E+01
       1546.073    2.36517E+01
       1545.834    2.36853E+01
       1545.595    2.41159E+01
       1545.356    2.42543E+01
       1545.117    2.41419E+01
       1544.879    2.41990E+01
       1544.640    2.40116E+01
       1544.401    2.30955E+01
       1544.163    2.27146E+01
       1543.925    2.41442E+01
       1543.686    2.39163E+01
       1543.448    2.41271E+01
       1543.210    2.38010E+01
       1542.972    2.31366E+01
       1542.734    2.38474E+01
       1542.496    2.35606E+01
       1542.258    2.29026E+01
       1542.020    2.29844E+01
       1541.782    2.37136E+01
       1541.545    2.29482E+01
       1541.307    2.33300E+01
       1541.069    2.36297E+01
       1540.832    2.30880E+01
       1540.595    2.33563E+01
       1540.357    2.30437E+01
       1540.120    2.29811E+01
       1539.883    2.36409E+01
       1539.646    2.31815E+01
       1539.409    2.33790E+01
       1539.172    2.23146E+01
       1538.935    2.36009E+01
       1538.698    2.40027E+01
       1538.462    2.36939E+01
       1538.225    2.39817E+01
       1537.988    2.39179E+01
       1537.752    2.40873E+01
       1537.515    2.34374E+01
       1537.279    2.22007E+01
       1537.043    2.40928E+01
       1536.807    2.36623E+01
       1536.570    2.39086E+01
       1536.334    2.43597E+01
       1536.098    2.32566E+01
       1535.862    2.30780E+01
       1535.627    2.41180E+01
       1535.391    2.35548E+01
       1535.155    2.19089E+01
       1534.919    2.27612E+01
       1534.684    2.33999E+01
       1534.448    2.33383E+01
       1534.213    2.34340E+01
       1533.978    2.28461E+01
       1533.742    2.35314E+01
       1533.507    2.37166E+01
       1533.272    2.38431E+01
       1533.037    2.40836E+01
       1532.802    2.39561E+01
       1532.567    2.41031E+01
       1532.332    2.40380E+01
       1532.097    2.43658E+01
       1531.863    2.40999E+01
       1531.628    2.43287E+01
       1531.394    1.94530E+01
       1531.159    2.38709E+01
       1530.925    2.39415E+01
       1530.690    2.36894E+01
       1530.456    2.23695E+01
       1530.222    2.19730E+01
       1529.988    2.32140E+01
       1529.754    2.18104E+01
       1529.520    2.24434E+01
       1529.286    2.40603E+01
       1529.052    2.41903E+01
       1528.818    2.08886E+01
       1528.584    2.41340E+01
       1528.351    2.45226E+01
       1528.117    2.42800E+01
       1527.884    2.37316E+01
       1527.651    2.44394E+01
       1527.417    2.01842E+01
       1527.184    2.42774E+01
       1526.951    2.41797E+01
       1526.718    2.02727E+01
       1526.484    2.24721E+01
       1526.252    2.34691E+01
       1526.019    2.31169E+01
       1525.786    2.07728E+01
       1525.553    2.32182E+01
       1525.320    2.31641E+01
       1525.088    2.21075E+01
       1524.855    2.40389E+01
       1524.623    1.89296E+01
       1524.390    2.20646E+01
       1524.158    2.44108E+01
       1523.926    2.45169E+01
       1523.693    2.41355E+01
       1523.461    2.17890E+01
       1523.229    2.43930E+01
       1522.997    2.44793E+01
       1522.765    2.44409E+01
       1522.534    2.41498E+01
       1522.302    2.40952E+01
       1522.070    2.40054E+01
       1521.838    1.85036E+01
       1521.607    2.26966E+01
       1521.375    2.42519E+01
       1521.144    2.43663E+01
       1520.912    2.44046E+01
       1520.681    2.40674E+01
       1520.450    1.85776E+01
       1520.219    2.43350E+01
       1519.988    2.22829E+01
       1519.757    2.29135E+01
       1519.526    2.15642E+01
       1519.295    1.86094E+01
       1519.064    2.12501E+01
       1518.833    1.91580E+01
       1518.603    2.29745E+01
       1518.372    1.90039E+01
       1518.142    2.40641E+01
       1517.911    2.44312E+01
       1517.681    1.52957E+01
       1517.451    2.27327E+01
       1517.220    2.09361E+01
       1516.990    2.33065E+01
       1516.760    1.56081E+01
       1516.530    2.35889E+01
       1516.300    1.48311E+01
       1516.070    2.39643E+01
       1515.841    2.45697E+01
       1515.611    2.22069E+01
       1515.381    2.45610E+01
       1515.151    2.45751E+01
       1514.922    1.68128E+01
       1514.693    2.37368E+01
       1514.463    2.42175E+01
       1514.234    1.68972E+01
       1514.005    1.77494E+01
       1513.775    1.64674E+01
       1513.546    1.93054E+01
       1513.317    2.34967E+01
       1513.088    1.98898E+01
       1512.859    1.49804E+01
       1512.630    2.28036E+01
       1512.402    1.47469E+01
       1512.173    2.42361E+01
       1511.944    2.46042E+01
       1511.716    2.23180E+01
       1511.487    2.43112E+01
       1511.259    2.12837E+01
       1511.031    1.87428E+01
       1510.802    2.44578E+01
       1510.574    2.24496E+01
       1510.346    2.38316E+01
       1510.118    1.78927E+01
       1509.890    2.46802E+01
       1509.662    2.44119E+01
       1509.434    2.37327E+01
       1509.206    1.70836E+01
       1508.978    1.27687E+01
       1508.751    8.63339E+00
       1508.523    1.30699E+01
       1508.296    1.38726E+01
       1508.068    2.34836E+01
       1507.841    2.34497E+01
       1507.613    2.26462E+01
       1507.386    2.00373E+01
       1507.159    1.43764E+01
       1506.932    2.41900E+01
       1506.705    2.38903E+01
       1506.478    2.42722E+01
       1506.251    2.26048E+01
       1506.024    2.32702E+01
       1505.797    1.66418E+01
       1505.571    2.16808E+01
       1505.344    2.10931E+01
       1505.117    1.68757E+01
       1504.891    1.01316E+01
       1504.664    9.94523E+00
       1504.438    1.16949E+01
       1504.212    1.89622E+01
       1503.985    8.40669E+00
       1503.759    9.45624E+00
       1503.533    1.14077E+01
       1503.307    1.71056E+01
       1503.081    1.39599E+01
       1502.855    1.04799E+01
       1502.630    1.93725E+01
       1502.404    2.26339E+01
       1502.178    2.30334E+01
       1501.953    1.16799E+01
       1501.727    1.54917E+01
       1501.502    2.29414E+01
       1501.276    2.42279E+01
       1501.051    2.47297E+01
       1500.825    1.74407E+01
       1500.600    2.00018E+01
       1500.375    2.47528E+01
       1500.150    2.45572E+01
       1499.925    2.22504E+01
       1499.700    1.04070E+01
       1499.475    2.21933E+01
       1499.250    9.29376E+00
       1499.026    2.04877E+01
       1498.801    2.11674E+01
       1498.576    1.54497E+01
       1498.352    2.20396E+01
       1498.127    7.18478E+00
       1497.903    1.45005E+01
       1497.679    1.35760E+01
       1497.454    2.17969E+01
       1497.230    2.35774E+01
       1497.006    2.23585E+01
       1496.782    2.00878E+01
       1496.558    2.53410E+00
       1496.334    1.23470E+01
       1496.110    2.09178E+01
       1495.886    6.03918E+00
       1495.663    1.52617E+01
       1495.439    1.29617E+01
       1495.215    1.02383E+01
       1494.992    7.92338E+00
       1494.768    1.97344E+01
       1494.545    2.15709E+01
       1494.322    1.30825E+01
       1494.098    7.30347E+00
       1493.875    1.82178E+01
       1493.652    2.34778E+01
       1493.429    1.91919E+01
       1493.206    1.48631E+01
       1492.983    9.96769E+00
       1492.760    1.18325E+01
       1492.537    1.25757E+01
       1492.315    1.77522E+01
       1492.092    6.80208E+00
       1491.869    1.28597E+01
       1491.647    1.33696E+01
       1491.424    6.81025E-01
       1491.202    1.62856E+01
       1490.979    1.78140E+01
       1490.757    2.09350E+01
       1490.535    1.98120E+01
       1490.313    2.11574E+01
       1490.091    1.86201E+01
       1489.869    9.23965E+00
       1489.647    1.43041E+00
       1489.425    1.28173E+01
       1489.203    1.90289E+01
       1488.981    1.03976E+01
       1488.760    1.24906E+01
       1488.538    1.70611E+01
       1488.317    2.37639E+00
       1488.095    6.18676E+00
       1487.874    3.48686E+00
       1487.653    1.25605E+01
       1487.431    4.85545E+00
       1487.210    2.42512E+00
       1486.989    6.37375E+00
       1486.768    1.27747E+00
       1486.547    2.05927E+00
       1486.326    1.04231E+01
       1486.105    4.20740E+00
       1485.884    1.45761E+01
       1485.663    6.03353E+00
       1485.443    1.21944E+01
       1485.222    3.55316E+00
       1485.001    1.81577E+01
       1484.781    7.48604E+00
       1484.561    2.73231E+00
       1484.340    1.34561E+00
       1484.120    9.16957E+00
       1483.900    1.35877E+01
       1483.680    1.83054E+01
       1483.459    7.53679E+00
       1483.239    9.09381E+00
       1483.020    8.56291E+00
       1482.800    1.68799E+01
       1482.580    1.00518E+01
       1482.360    1.04878E+01
       1482.140    6.49349E-01
       1481.921    1.09042E+00
       1481.701    3.32329E-02
       1481.481    7.21107E+00
       1481.262    1.33496E+01
       1481.043    1.35372E+01
       1480.823    4.28065E+00
       1480.604    7.29740E-01
       1480.385    2.82045E-02
       1480.166    1.25551E+00
       1479.947    9.31897E+00
       1479.728    6.00776E+00
       1479.509    3.15297E-01
       1479.290    4.27919E+00
       1479.071    5.32104E+00
       1478.852    1.09558E+01
       1478.634    1.60654E+01
       1478.415    1.31092E+01
       1478.197    1.53176E+00
       1477.978    4.93122E-01
       1477.760    2.20603E-01
       1477.541    6.63391E+00
       1477.323    7.42802E+00
       1477.105    9.25301E-02
       1476.887    1.18355E+00
       1476.669    5.54770E+00
       1476.451    1.06153E+01
       1476.233    6.72662E+00
       1476.015    9.74878E-01
       1475.797    1.44347E-01
       1475.579    3.85744E+00
       1475.361    1.43372E+01
       1475.144    1.70967E+01
       1474.926    1.67123E+01
       1474.709    6.88997E+00
       1474.491    1.65439E+01
       1474.274    1.06007E+01
       1474.057    7.16740E+00
       1473.839    3.31106E-01
       1473.622    2.41266E+00
       1473.405    6.78835E+00
       1473.188    1.13270E+00
       1472.971    8.88815E+00
       1472.754    3.60165E+00
       1472.537    2.43385E-01
       1472.320    5.07811E-04
       1472.104    2.91867E+00
       1471.887    2.11531E+00
       1471.670    4.08786E+00
       1471.454    5.57932E+00
       1471.237    6.46169E-01
       1471.021    8.85410E-02
       1470.805    1.09830E-02
       1470.588    9.82393E-02
       1470.372    1.60298E+00
       1470.156    6.97690E+00
       1469.940    2.90974E+00
       1469.724    1.07384E-02
       1469.508    4.08871E-01
       1469.292    1.85044E+00
       1469.076    4.01151E+00
       1468.860    1.30164E+01
       1468.645    8.89439E+00
       1468.429    5.34166E+00
       1468.213    8.38792E+00
       1467.998    5.19397E+00
       1467.782    2.15258E-01
       1467.567    4.43488E+00
       1467.351    6.09980E+00
       1467.136    3.14916E-01
       1466.921    1.75306E+00
       1466.706    4.30091E-01
       1466.491    8.81469E-01
       1466.276    3.10519E+00
       1466.061    5.02352E-01
       1465.846    6.08008E+00
       1465.631    8.70641E+00
       1465.416    5.06062E-01
       1465.202    2.00226E-03
       1464.987    3.85810E+00
       1464.772    1.31209E+01
       1464.558    1.62734E+01
       1464.343    1.68424E+01
       1464.129    1.39834E+01
       1463.915    5.09772E+00
       1463.700    1.17669E+01
       1463.486    1.69551E+00
       1463.272    5.00527E-03
       1463.058    2.80285E-01
       1462.844    3.86497E+00
       1462.630    5.26673E+00
       1462.416    1.23268E+01
       1462.202    1.48851E+01
       1461.988    1.05015E+01
       1461.775    2.87615E+00
       1461.561    4.31706E+00
       1461.347    1.52228E+00
       1461.134    5.44723E+00
       1460.920    1.05488E+01
       1460.707    8.37349E+00
       1460.494    9.73662E-01
       1460.280    6.08895E-02
       1460.067    6.26466E+00
       1459.854    4.31278E+00
       1459.641    1.40410E+01
       1459.428    1.18727E+01
       1459.215    1.25093E+01
       1459.002    8.72350E+00
       1458.789    1.67633E+01
       1458.576    6.96927E+00
       1458.364    1.73041E+01
       1458.151    1.52816E+01
       1457.938    7.24337E+00
       1457.726    1.87382E-01
       1457.513    1.02468E+01
       1457.301    4.26831E+00
       1457.089    8.15817E+00
       1456.876    5.48243E+00
       1456.664    1.29444E+01
       1456.452    7.39781E+00
       1456.240    5.29334E+00
       1456.028    7.21776E+00
       1455.816    6.53185E+00
       1455.604    1.77215E+00
       1455.392    2.85229E-04
       1455.180    4.79952E-01
       1454.969    2.91408E+00
       1454.757    1.06777E+01
       1454.546    7.62846E+00
       1454.334    4.01923E+00
       1454.122    6.90264E+00
       1453.911    1.52130E+01
       1453.700    1.48200E+01
       1453.488    5.52527E+00
       1453.277    6.02120E+00
       1453.066    7.72738E-01
       1452.855    3.90363E+00
       1452.644    1.00830E+01
       1452.433    4.07346E+00
       1452.222    1.84862E-02
       1452.011    2.40457E+00
       1451.800    3.72380E+00
       1451.589    9.38474E+00
       1451.379    1.69292E+00
       1451.168    5.35457E-03
       1450.958    2.31040E-02
       1450.747    7.24354E-04
       1450.537    1.56986E-03
       1450.326    2.79136E-02
       1450.116    2.18636E-01
       1449.906    1.10430E+00
       1449.696    4.22120E+00
       1449.485    4.27776E+00
       1449.275    1.05400E+01
       1449.065    9.35548E+00
       1448.855    2.66039E+00
       1448.646    4.23562E+00
       1448.436    1.10603E+01
       1448.226    7.76383E-01
       1448.016    9.94868E+00
       1447.807    1.27564E+01
       1447.597    5.80532E+00
       1447.387    1.01044E+00
       1447.178    3.31547E-01
       1446.969    5.27757E-01
       1446.759    3.34528E+00
       1446.550    4.44019E+00
       1446.341    3.45447E+00
       1446.132    3.58947E-01
       1445.922    1.24028E-03
       1445.713    5.19396E-08
       1445.504    7.74015E-04
       1445.296    1.63169E-01
       1445.087    2.83646E+00
       1444.878    4.29178E+00
       1444.669    5.35746E+00
       1444.461    3.02525E-01
       1444.252    2.11638E+00
       1444.043    8.12193E-01
       1443.835    4.16195E+00
       1443.626    8.75823E+00
       1443.418    6.97295E+00
       1443.210    2.49926E+00
       1443.001    3.64438E-03
       1442.793    3.25920E-02
       1442.585    2.58733E+00
       1442.377    1.75660E+00
       1442.169    1.22706E+00
       1441.961    3.87422E+00
       1441.753    8.34353E-01
       1441.545    2.18596E-05
       1441.338    1.73500E-01
       1441.130    2.16368E+00
       1440.922    2.26127E+00
       1440.715    2.71681E+00
       1440.507    3.87515E-01
       1440.300    6.89485E+00
       1440.092    2.04892E+00
       1439.885    2.17228E+00
       1439.677    1.32133E-02
       1439.470    5.78087E-05
       1439.263    8.62700E-01
       1439.056    2.27072E+00
       1438.849    7.15270E+00
       1438.642    1.79850E+00
       1438.435    2.20002E+00
       1438.228    1.45497E+00
       1438.021    1.40714E-02
       1437.814    7.45976E-06
       1437.608    1.29487E-02
       1437.401    1.16326E-01
       1437.195    1.45310E-01
       1436.988    1.55176E+00
       1436.782    3.93074E+00
       1436.575    1.77042E+00
       1436.369    1.01143E+00
       1436.163    1.16795E-02
       1435.956    7.63461E-01
       1435.750    6.78287E+00
       1435.544    2.36380E+00
       1435.338    1.70064E-01
       1435.132    1.34295E+00
       1434.926    1.00182E+00
       1434.720    9.42761E-01
       1434.514    1.15144E-03
       1434.309    8.59348E-04
       1434.103    5.92399E-02
       1433.897    1.72766E+00
       1433.692    2.93481E-01
       1433.486    6.34180E+00
       1433.281    6.74776E+00
       1433.075    5.63701E-01
       1432.870    2.29605E-01
       1432.665    2.17381E-02
       1432.459    4.32528E-07
       1432.254    1.50646E-02
       1432.049    2.83301E-01
       1431.844    3.94827E-02
       1431.639    1.34977E-04
       1431.434    2.29652E-01
       1431.229    1.51608E-04
       1431.025    6.25919E-01
       1430.820    5.22909E+00
       1430.615    1.04597E+01
       1430.411    1.03875E+01
       1430.206    5.79196E+00
       1430.001    6.59465E-02
       1429.797    8.25801E-01
       1429.593    1.38222E+00
       1429.388    4.30327E+00
       1429.184    4.73438E+00
       1428.980    4.56352E-03
       1428.776    3.02783E-01
       1428.571    2.30028E-01
       1428.367    5.11898E-02
       1428.163    3.32973E-04
       1427.959    3.23574E-01
       1427.756    6.35246E-02
       1427.552    3.23684E-01
       1427.348    7.28599E-03
       1427.144    4.49695E-01
       1426.941    1.31074E+00
       1426.737    6.43585E+00
       1426.534    7.22440E+00
       1426.330    2.69875E+00
       1426.127    1.80806E+00
       1425.923    6.51334E-02
       1425.720    6.08365E-03
       1425.517    1.31055E-01
       1425.314    2.38198E-02
       1425.110    1.19846E+00
       1424.907    4.66704E-01
       1424.704    2.87402E+00
       1424.501    2.66513E+00
       1424.299    2.74392E+00
       1424.096    5.87986E-03
       1423.893    2.69666E-06
       1423.690    2.46456E-01
       1423.488    1.96444E-02
       1423.285    3.83367E-03
       1423.082    1.77707E-01
       1422.880    1.84979E-01
       1422.677    4.33912E-02
       1422.475    4.24994E+00
       1422.273    3.07886E+00
       1422.071    1.52053E+00
       1421.868    3.85135E+00
       1421.666    1.34931E-01
       1421.464    8.69059E-01
       1421.262    1.17716E+00
       1421.060    1.55105E-01
       1420.858    1.16583E-01
       1420.656    3.31321E-02
       1420.454    6.83254E-02
       1420.253    1.39291E+00
       1420.051    2.33312E-03
       1419.849    3.20755E-02
       1419.648    8.75394E-05
       1419.446    1.82474E-04
       1419.245    1.36725E-04
       1419.044    4.97317E-07
       1418.842    3.02678E-06
       1418.641    2.52450E-02
       1418.440    1.40676E+00
       1418.239    1.11944E+00
       1418.037    8.70262E-02
       1417.836    1.46174E-01
       1417.635    1.32219E-04
       1417.434    2.52232E-01
       1417.234    3.92262E-01
       1417.033    1.06859E-01
       1416.832    3.09296E-01
       1416.631    4.83953E-01
       1416.431    4.23979E+00
       1416.230    4.39884E+00
       1416.029    1.14474E+00
       1415.829    4.40531E-01
       1415.629    6.65374E-02
       1415.428    1.91822E-03
       1415.228    5.89245E-03
       1415.028    2.95887E-03
       1414.827    1.98963E-05
       1414.627    1.77790E-09
       1414.427    2.27247E-06
       1414.227    0.00000E+00
       1414.027    5.06330E-06
       1413.827    7.03909E-03
       1413.627    3.64687E-04
       1413.428    9.98731E-02
       1413.228    1.66791E+00
       1413.028    1.33517E+00
       1412.828    1.57308E+00
       1412.629    4.11481E-02
       1412.429    2.34303E-05
       1412.230    1.18644E-06
       1412.031    3.92713E-02
       1411.831    2.48696E-01
       1411.632    8.13034E-02
       1411.433    2.31501E-02
       1411.233    2.07551E-03
       1411.034    9.73659E-03
       1410.835    2.49530E-01
       1410.636    1.94808E-03
       1410.437    9.99840E-03
       1410.238    3.98003E-02
       1410.039    3.63951E-04
       1409.841    1.77411E-05
       1409.642    1.20512E-11
       1409.443    0.00000E+00
       1409.245    0.00000E+00
       1409.046    8.43224E-08
       1408.848    2.97389E-04
       1408.649    5.36743E-02
       1408.451    2.48436E-02
       1408.252    4.39809E-03
       1408.054    1.23945E-01
       1407.856    2.83989E-02
       1407.658    1.54586E-04
       1407.459    0.00000E+00
       1407.261    0.00000E+00
       1407.063    1.82386E-13
       1406.865    2.80688E-09
       1406.668    4.97452E-05
       1406.470    6.41812E-02
       1406.272    1.90651E-02
       1406.074    1.24204E-01
       1405.876    2.04432E-02
       1405.679    4.88316E-03
       1405.481    1.13824E-05
       1405.284    3.26474E-12
       1405.086    0.00000E+00
       1404.889    0.00000E+00
       1404.692    1.90454E-09
       1404.494    2.31191E-08
       1404.297    2.59482E-07
       1404.100    5.26970E-06
       1403.903    3.57819E-04
       1403.706    6.68812E-03
       1403.509    1.62223E-01
       1403.312    9.61367E-03
       1403.115    4.15571E-05
       1402.918    3.88152E-03
       1402.721    6.08867E-02
       1402.525    2.84298E-01
       1402.328    1.66709E-01
       1402.131    5.72630E-03
       1401.935    7.90941E-04
       1401.738    2.51170E-07
       1401.542    0.00000E+00
       1401.345    6.85894E-14
       1401.149    1.04434E-08
       1400.953    8.54144E-11
       1400.756    0.00000E+00
       1400.560    1.22853E-22
       1400.364    3.34975E-15
       1400.168    1.80408E-10
       1399.972    0.00000E+00
       1399.776    2.99990E-10
       1399.580    0.00000E+00
       1399.384    1.05856E-08
       1399.188    2.18135E-04
       1398.993    3.27341E-03
       1398.797    5.03539E-02
       1398.601    2.02480E-02
       1398.406    5.17068E-03
       1398.210    1.05493E-03
       1398.015    2.22720E-02
       1397.819    5.28556E-02
       1397.624    3.04203E-02
       1397.429    1.78016E-03
       1397.234    5.55451E-10
       1397.038    7.19149E-06
       1396.843    3.22569E-07
       1396.648    0.00000E+00
       1396.453    0.00000E+00
       1396.258    1.35780E-18
       1396.063    2.50174E-09
       1395.868    8.06310E-12
       1395.673    2.77059E-19
       1395.479    0.00000E+00
       1395.284    5.46530E-15
       1395.089    0.00000E+00
       1394.895    2.63887E-14
       1394.700    0.00000E+00
       1394.506    2.90052E-05
       1394.311    7.42285E-04
       1394.117    6.00193E-04
       1393.922    1.94214E-06
       1393.728    1.81991E-03
       1393.534    4.45767E-04
       1393.340    4.96696E-03
       1393.146    2.77285E-04
       1392.952    6.85124E-07
       1392.758    9.29861E-15
       1392.564    0.00000E+00
       1392.370    0.00000E+00
       1392.176    0.00000E+00
       1391.982    9.80785E-08
       1391.788    6.87983E-06
       1391.595    8.08878E-05
       1391.401    1.09830E-02
       1391.208    8.53765E-03
       1391.014    2.42709E-04
       1390.821    4.76542E-05
       1390.627    1.46103E-03
       1390.434    1.22434E-02
       1390.241    1.71770E-02
       1390.047    7.57279E-06
       1389.854    0.00000E+00
       1389.661    4.41522E-03
       1389.468    1.44522E-02
       1389.275    3.37436E-02
       1389.082    2.45299E-04
       1388.889    1.42428E-03
       1388.696    1.26475E-03
       1388.503    9.56981E-09
       1388.310    0.00000E+00
       1388.118    3.10315E-24
       1387.925    0.00000E+00
       1387.732    4.49812E-10
       1387.540    7.52263E-05
       1387.347    4.93140E-03
       1387.155    2.08914E-03
       1386.963    2.69018E-03
       1386.770    1.18247E-03
       1386.578    6.12142E-06
       1386.386    0.00000E+00
       1386.193    8.06512E-06
       1386.001    9.60911E-06
       1385.809    2.63833E-10
       1385.617    1.18892E-06
       1385.425    0.00000E+00
       1385.233    0.00000E+00
       1385.042    0.00000E+00
       1384.850    2.73887E-13
       1384.658    7.23511E-06
       1384.466    2.78667E-08
       1384.275    6.29600E-06
       1384.083    1.08765E-07
       1383.891    0.00000E+00
       1383.700    1.87876E-12
       1383.509    0.00000E+00
       1383.317    1.09470E-09
       1383.126    2.57936E-17
       1382.935    0.00000E+00
       1382.743    0.00000E+00
       1382.552    0.00000E+00
       1382.361    2.35624E-14
       1382.170    2.87685E-09
       1381.979    2.40753E-10
       1381.788    9.97392E-08
       1381.597    4.37652E-05
       1381.406    4.21954E-06
       1381.215    0.00000E+00
       1381.025    7.90046E-24
       1380.834    0.00000E+00
       1380.643    0.00000E+00
       1380.453    3.04407E-20
       1380.262    1.96340E-13
       1380.072    3.58707E-10
       1379.881    3.75295E-04
       1379.691    1.31604E-03
       1379.501    2.90781E-03
       1379.310    3.44630E-05
       1379.120    1.28488E-04
       1378.930    9.66751E-13
       1378.740    0.00000E+00
       1378.550    3.14991E-19
       1378.360    9.01493E-05
       1378.170    9.47429E-04
       1377.980    1.68218E-02
       1377.790    7.01382E-02
       1377.600    2.89102E-02
       1377.410    5.10035E-03
       1377.221    5.20730E-09
       1377.031    0.00000E+00
       1376.842    2.22886E-06
       1376.652    3.89761E-04
       1376.462    8.14547E-04
       1376.273    1.79836E-04
       1376.084    1.89656E-05
       1375.894    2.36554E-11
       1375.705    2.84431E-03
       1375.516    3.49437E-02
       1375.327    1.26981E-02
       1375.138    4.55702E-05
       1374.948    0.00000E+00
       1374.759    1.77463E-05
       1374.570    3.58272E-05
       1374.382    8.76186E-06
       1374.193    2.51487E-03
       1374.004    7.54240E-04
       1373.815    8.07045E-03
       1373.626    9.05419E-04
       1373.438    6.09470E-10
       1373.249    9.16649E-05
       1373.061    5.22519E-05
       1372.872    1.14813E-04
       1372.684    1.85074E-03
       1372.495    3.02697E-04
       1372.307    1.10173E-08
       1372.119    0.00000E+00
       1371.930    4.41448E-07
       1371.742    2.16259E-09
       1371.554    4.87394E-07
       1371.366    3.65072E-10
       1371.178    1.43112E-21
       1370.990    0.00000E+00
       1370.802    1.81246E-19
       1370.614    1.20744E-09
       1370.426    6.95488E-09
       1370.238    7.65509E-11
       1370.051    0.00000E+00
       1369.863    3.66077E-17
       1369.675    4.38362E-07
       1369.488    8.01854E-06
       1369.300    3.83069E-08
       1369.113    1.08950E-07
       1368.925    2.11422E-10
       1368.738    4.37084E-24
       1368.551    0.00000E+00
       1368.363    3.49210E-17
       1368.176    6.35554E-14
       1367.989    4.20516E-15
       1367.802    0.00000E+00
       1367.615    0.00000E+00
       1367.428    3.63543E-12
       1367.241    1.25592E-07
       1367.054    5.38278E-08
       1366.867    2.66746E-14
       1366.680    2.62179E-05
       1366.494    2.68409E-04
       1366.307    1.50873E-05
       1366.120    1.88572E-04
       1365.934    1.93928E-05
       1365.747    7.52965E-10
       1365.561    0.00000E+00
       1365.374    0.00000E+00
       1365.188    1.21812E-13
       1365.001    8.38986E-15
       1364.815    2.26436E-28
       1364.629    0.00000E+00
       1364.443    7.31077E-18
       1364.256    0.00000E+00
       1364.070    2.33429E-10
       1363.884    3.55487E-06
       1363.698    1.28344E-05
       1363.512    4.36203E-07
       1363.327    4.85050E-05
       1363.141    1.77911E-05
       1362.955    6.40090E-09
       1362.769    2.33655E-18
       1362.583    3.25269E-26
       1362.398    0.00000E+00
       1362.212    5.68062E-30
       1362.027    0.00000E+00
       1361.841    5.09753E-32
       1361.656    0.00000E+00
       1361.470    3.90762E-16
       1361.285    2.98086E-15
       1361.100    0.00000E+00
       1360.915    0.00000E+00
       1360.729    8.48015E-13
       1360.544    3.04900E-08
       1360.359    6.58541E-08
       1360.174    1.45529E-05
       1359.989    3.87671E-06
       1359.804    4.54412E-11
       1359.619    0.00000E+00
       1359.434    0.00000E+00
       1359.250    6.29513E-09
       1359.065    6.32176E-06
       1358.880    5.09310E-07
       1358.696    2.29175E-08
       1358.511    0.00000E+00
       1358.327    0.00000E+00
       1358.142    1.19110E-05
       1357.958    2.33018E-05
       1357.773    1.32454E-12
       1357.589    9.65305E-08
       1357.405    8.92850E-09
       1357.220    0.00000E+00
       1357.036    3.62211E-15
       1356.852    1.35813E-04
       1356.668    1.06766E-03
       1356.484    4.08329E-03
       1356.300    1.94005E-05
       1356.116    9.74813E-06
       1355.932    8.75396E-13
       1355.748    0.00000E+00
       1355.565    1.72777E-06
       1355.381    1.98981E-05
       1355.197    1.86638E-06
       1355.014    0.00000E+00
       1354.830    7.65350E-14
       1354.646    0.00000E+00
       1354.463    1.55158E-07
       1354.280    5.12262E-07
       1354.096    2.58109E-04
       1353.913    1.77554E-02
       1353.729    1.96860E-05
       1353.546    6.05282E-04
       1353.363    6.89942E-05
       1353.180    0.00000E+00
       1352.997    7.42458E-06
       1352.814    3.65094E-03
       1352.631    1.75744E-04
       1352.448    1.45853E-08
       1352.265    8.76334E-02
       1352.082    4.17779E-02
       1351.899    2.58762E-03
       1351.717    9.72413E-04
       1351.534    1.46478E-03
       1351.351    4.51269E-02
       1351.169    4.10248E-01
       1350.986    2.45761E-01
       1350.804    4.30512E-02
       1350.621    6.75345E-03
       1350.439    9.17287E-09
       1350.257    9.82507E-05
       1350.074    9.44204E-02
       1349.892    4.72098E-02
       1349.710    2.17453E+00
       1349.528    2.01913E+00
       1349.346    7.89238E-01
       1349.164    1.30781E+00
       1348.981    1.25700E-01
       1348.800    1.66512E-01
       1348.618    3.50860E-01
       1348.436    1.19170E-04
       1348.254    1.59609E-01
       1348.072    3.93992E-02
       1347.891    5.19929E-04
       1347.709    1.73384E-03
       1347.527    8.10376E-01
       1347.346    3.84972E+00
       1347.164    2.73703E+00
       1346.983    6.37751E+00
       1346.801    3.54153E+00
       1346.620    8.10150E-03
       1346.439    1.35196E+00
       1346.257    3.70701E+00
       1346.076    6.61030E+00
       1345.895    1.95087E+00
       1345.714    1.85427E+00
       1345.533    2.16190E+00
       1345.352    1.06565E+01
       1345.171    1.38746E+01
       1344.990    1.13328E+01
       1344.809    9.48377E-01
       1344.628    2.09240E-01
       1344.447    1.52194E+00
       1344.267    9.95391E-01
       1344.086    3.90826E-01
       1343.905    9.73540E-01
       1343.725    1.03037E+01
       1343.544    1.69986E+01
       1343.364    7.44127E+00
       1343.183    6.14086E+00
       1343.003    8.28276E+00
       1342.823    4.31655E+00
       1342.642    6.66350E+00
       1342.462    1.62190E+01
       1342.282    1.86591E+01
       1342.102    1.43478E+01
       1341.922    1.31690E+01
       1341.742    1.10684E+01
       1341.562    1.70501E+00
       1341.382    5.99841E+00
       1341.202    1.45039E+01
       1341.022    2.09143E+01
       1340.842    1.80935E+01
       1340.662    5.76174E+00
       1340.483    2.05138E+00
       1340.303    2.69495E+00
       1340.123    2.00887E+00
       1339.944    1.80693E+01
       1339.764    2.30850E+01
       1339.585    2.35037E+01
       1339.405    1.26354E+01
       1339.226    4.26185E+00
       1339.047    2.12872E+01
       1338.867    1.27015E+01
       1338.688    5.02853E+00
       1338.509    2.46523E+01
       1338.330    2.29592E+01
       1338.151    1.33086E+01
       1337.972    1.32431E+00
       1337.793    1.22063E+01
       1337.614    1.04144E+01
       1337.435    1.58625E+00
       1337.256    1.45867E+01
       1337.077    4.19741E+00
       1336.898    7.83868E+00
       1336.720    1.89203E+01
       1336.541    2.51435E+01
       1336.362    2.10396E+01
       1336.184    6.92918E+00
       1336.005    5.18480E-01
       1335.827    1.29541E+01
       1335.648    1.98284E+01
       1335.470    1.77283E+01
       1335.292    2.50913E+01
       1335.114    2.36539E+01
       1334.935    2.49428E+00
       1334.757    1.70656E+01
       1334.579    1.72265E+01
       1334.401    2.67888E+01
       1334.223    2.01758E+01
       1334.045    4.72069E+00
       1333.867    5.27870E+00
       1333.689    2.72660E+00
       1333.511    1.88285E+01
       1333.333    2.00114E+01
       1333.156    1.41628E+01
       1332.978    1.19896E+01
       1332.800    1.46930E+01
       1332.623    1.18544E+01
       1332.445    1.23379E+00
       1332.268    1.83499E+01
       1332.090    8.14444E+00
       1331.913    3.88701E+00
       1331.735    1.08652E+01
       1331.558    1.90483E+01
       1331.381    3.32888E+00
       1331.203    8.19072E+00
       1331.026    1.23525E+01
       1330.849    5.82377E+00
       1330.672    1.12544E+01
 
