TM  3    2    2    1    3    3    3    3    3    3    1    0    0 273.1500.8    
    1    2    1    3    0    0  30.00000   0.00000   0.00000   0.00000   0.00000
 -99.000 -99.000 -99.000 -99
 -99.00000 -99.00000 -99.00000
   36MIDLATITUDE WINTER  
 100.00000   0.00000 171.79419 101.05086   0.12970   0.00000    0
    0    2  180    0
   0.00000   0.00000   0.00000  40.00000   0.00000  90.00000   0.00000   0.00000
      3930     24285        15        20
    0   0    0.000  0    0.000  0    1.000
    FREQ  TOT TRANS  PTH THRML  THRML SCT  SURF EMIS   SOL SCAT  SING SCAT  GRND RFLT  DRCT RFLT  TOTAL RAD  REF SOL  SOL@OBS   DEPTH
24000.00 0.54153085 0.0000E+00 0.0000E+00 0.0000E+00 2.6070E-07 7.0990E-08 2.9293E-07 1.5414E-07 5.5363E-07 7.92E-07 3.23E-06   0.613
24015.00 0.54101890 0.0000E+00 0.0000E+00 0.0000E+00 2.6350E-07 7.1789E-08 2.9537E-07 1.5528E-07 5.5887E-07 7.97E-07 3.26E-06   0.614
24030.00 0.54050964 0.0000E+00 0.0000E+00 0.0000E+00 2.6592E-07 7.2484E-08 2.9737E-07 1.5619E-07 5.6329E-07 8.02E-07 3.29E-06   0.615
24045.00 0.53995383 0.0000E+00 0.0000E+00 0.0000E+00 2.4488E-07 6.6782E-08 2.7318E-07 1.4335E-07 5.1806E-07 7.36E-07 3.02E-06   0.616
24060.00 0.53943533 0.0000E+00 0.0000E+00 0.0000E+00 2.3559E-07 6.4281E-08 2.6219E-07 1.3745E-07 4.9778E-07 7.06E-07 2.91E-06   0.617
24075.00 0.53876281 0.0000E+00 0.0000E+00 0.0000E+00 2.5406E-07 6.9357E-08 2.8205E-07 1.4773E-07 5.3612E-07 7.59E-07 3.13E-06   0.618
24090.00 0.53809899 0.0000E+00 0.0000E+00 0.0000E+00 2.4117E-07 6.5872E-08 2.6709E-07 1.3977E-07 5.0826E-07 7.18E-07 2.97E-06   0.620
24105.00 0.53761172 0.0000E+00 0.0000E+00 0.0000E+00 2.5475E-07 6.9616E-08 2.8146E-07 1.4715E-07 5.3621E-07 7.56E-07 3.14E-06   0.621
24120.00 0.53706241 0.0000E+00 0.0000E+00 0.0000E+00 2.2355E-07 6.1119E-08 2.4638E-07 1.2869E-07 4.6993E-07 6.61E-07 2.75E-06   0.622
24135.00 0.53664231 0.0000E+00 0.0000E+00 0.0000E+00 2.1760E-07 5.9517E-08 2.3924E-07 1.2484E-07 4.5684E-07 6.41E-07 2.67E-06   0.622
24150.00 0.53599977 0.0000E+00 0.0000E+00 0.0000E+00 2.5975E-07 7.1084E-08 2.8489E-07 1.4853E-07 5.4464E-07 7.63E-07 3.19E-06   0.624
24165.00 0.53520775 0.0000E+00 0.0000E+00 0.0000E+00 2.5573E-07 7.0023E-08 2.7980E-07 1.4573E-07 5.3552E-07 7.48E-07 3.14E-06   0.625
24180.00 0.53445882 0.0000E+00 0.0000E+00 0.0000E+00 2.1588E-07 5.9144E-08 2.3562E-07 1.2261E-07 4.5149E-07 6.30E-07 2.65E-06   0.627
24195.00 0.53399682 0.0000E+00 0.0000E+00 0.0000E+00 2.1586E-07 5.9166E-08 2.3503E-07 1.2219E-07 4.5088E-07 6.27E-07 2.64E-06   0.627
24210.00 0.53354925 0.0000E+00 0.0000E+00 0.0000E+00 2.3989E-07 6.5782E-08 2.6056E-07 1.3533E-07 5.0045E-07 6.95E-07 2.93E-06   0.628
24225.00 0.53322178 0.0000E+00 0.0000E+00 0.0000E+00 2.4265E-07 6.6568E-08 2.6293E-07 1.3643E-07 5.0558E-07 7.01E-07 2.96E-06   0.629
24240.00 0.53277457 0.0000E+00 0.0000E+00 0.0000E+00 2.4903E-07 6.8349E-08 2.6919E-07 1.3955E-07 5.1823E-07 7.17E-07 3.04E-06   0.630
24255.00 0.53237414 0.0000E+00 0.0000E+00 0.0000E+00 2.4698E-07 6.7814E-08 2.6633E-07 1.3793E-07 5.1331E-07 7.08E-07 3.01E-06   0.630
24270.00 0.53181928 0.0000E+00 0.0000E+00 0.0000E+00 2.5335E-07 6.9597E-08 2.7253E-07 1.4101E-07 5.2588E-07 7.24E-07 3.08E-06   0.631
24285.00 0.53125101 0.0000E+00 0.0000E+00 0.0000E+00 2.7174E-07 7.4685E-08 2.9160E-07 1.5074E-07 5.6334E-07 7.74E-07 3.30E-06   0.633
 -9999.
