TM  2    2    2    1    2    2    2    2    2    2    1    0    0 273.1500.0    
    2    1    1    3    0    0  10.00000   0.00000   0.00000   0.00000   0.00000
 -99.000 -99.000 -99.000 -99
 -99.00000 -99.00000 -99.00000
   36MIDLATITUDE SUMMER  
   1.00000   0.00000 180.00000   1.00000   0.00000   0.00000    0
    0    2  180    0
   0.00000   0.00000   0.00000  60.02406   0.00000  90.00000   0.00000   0.00000
      3930     24285        15        20
    0   0    0.000  0    0.000  0    1.000
 -9999.
