TM  3    2    2    1    3    3    3    3    3    3    1    0    0 273.1501.0    
    1    2    1    3    0    0  30.00000   0.00000   0.00000   0.00000   0.00000
 -99.000 -99.000 -99.000 -99
 -99.00000 -99.00000 -99.00000
   36MIDLATITUDE WINTER  
 100.00000   0.00000 171.79419 101.05086   0.12970   0.00000    0
    0    2  180    0
   0.00000   0.00000   0.00000  40.00000   0.00000  90.00000   0.00000   0.00000
      3930     24285        15        20
    0   0    0.000  0    0.000  0    1.000
    FREQ  TOT TRANS  PTH THRML  THRML SCT  SURF EMIS   SOL SCAT  SING SCAT  GRND RFLT  DRCT RFLT  TOTAL RAD  REF SOL  SOL@OBS   DEPTH
24000.00 0.54153085 0.0000E+00 0.0000E+00 0.0000E+00 3.0401E-07 7.0990E-08 3.7351E-07 1.9268E-07 6.7752E-07 7.92E-07 3.23E-06   0.613
24015.00 0.54101890 0.0000E+00 0.0000E+00 0.0000E+00 3.0726E-07 7.1789E-08 3.7663E-07 1.9410E-07 6.8388E-07 7.97E-07 3.26E-06   0.614
24030.00 0.54050964 0.0000E+00 0.0000E+00 0.0000E+00 3.1006E-07 7.2484E-08 3.7918E-07 1.9523E-07 6.8924E-07 8.02E-07 3.29E-06   0.615
24045.00 0.53995383 0.0000E+00 0.0000E+00 0.0000E+00 2.8551E-07 6.6782E-08 3.4834E-07 1.7919E-07 6.3385E-07 7.36E-07 3.02E-06   0.616
24060.00 0.53943533 0.0000E+00 0.0000E+00 0.0000E+00 2.7466E-07 6.4281E-08 3.3433E-07 1.7182E-07 6.0900E-07 7.06E-07 2.91E-06   0.617
24075.00 0.53876281 0.0000E+00 0.0000E+00 0.0000E+00 2.9618E-07 6.9357E-08 3.5967E-07 1.8467E-07 6.5585E-07 7.59E-07 3.13E-06   0.618
24090.00 0.53809899 0.0000E+00 0.0000E+00 0.0000E+00 2.8113E-07 6.5872E-08 3.4060E-07 1.7471E-07 6.2173E-07 7.18E-07 2.97E-06   0.620
24105.00 0.53761172 0.0000E+00 0.0000E+00 0.0000E+00 2.9695E-07 6.9616E-08 3.5892E-07 1.8393E-07 6.5587E-07 7.56E-07 3.14E-06   0.621
24120.00 0.53706241 0.0000E+00 0.0000E+00 0.0000E+00 2.6056E-07 6.1119E-08 3.1420E-07 1.6086E-07 5.7476E-07 6.61E-07 2.75E-06   0.622
24135.00 0.53664231 0.0000E+00 0.0000E+00 0.0000E+00 2.5360E-07 5.9517E-08 3.0510E-07 1.5605E-07 5.5871E-07 6.41E-07 2.67E-06   0.622
24150.00 0.53599977 0.0000E+00 0.0000E+00 0.0000E+00 3.0271E-07 7.1084E-08 3.6332E-07 1.8566E-07 6.6604E-07 7.63E-07 3.19E-06   0.624
24165.00 0.53520775 0.0000E+00 0.0000E+00 0.0000E+00 2.9801E-07 7.0023E-08 3.5683E-07 1.8217E-07 6.5483E-07 7.48E-07 3.14E-06   0.625
24180.00 0.53445882 0.0000E+00 0.0000E+00 0.0000E+00 2.5155E-07 5.9144E-08 3.0049E-07 1.5326E-07 5.5204E-07 6.30E-07 2.65E-06   0.627
24195.00 0.53399682 0.0000E+00 0.0000E+00 0.0000E+00 2.5152E-07 5.9166E-08 2.9974E-07 1.5273E-07 5.5126E-07 6.27E-07 2.64E-06   0.627
24210.00 0.53354925 0.0000E+00 0.0000E+00 0.0000E+00 2.7950E-07 6.5782E-08 3.3231E-07 1.6916E-07 6.1181E-07 6.95E-07 2.93E-06   0.628
24225.00 0.53322178 0.0000E+00 0.0000E+00 0.0000E+00 2.8271E-07 6.6568E-08 3.3534E-07 1.7054E-07 6.1805E-07 7.01E-07 2.96E-06   0.629
24240.00 0.53277457 0.0000E+00 0.0000E+00 0.0000E+00 2.9012E-07 6.8349E-08 3.4333E-07 1.7444E-07 6.3346E-07 7.17E-07 3.04E-06   0.630
24255.00 0.53237414 0.0000E+00 0.0000E+00 0.0000E+00 2.8771E-07 6.7814E-08 3.3968E-07 1.7242E-07 6.2740E-07 7.08E-07 3.01E-06   0.630
24270.00 0.53181928 0.0000E+00 0.0000E+00 0.0000E+00 2.9511E-07 6.9597E-08 3.4760E-07 1.7627E-07 6.4272E-07 7.24E-07 3.08E-06   0.631
24285.00 0.53125101 0.0000E+00 0.0000E+00 0.0000E+00 3.1652E-07 7.4685E-08 3.7193E-07 1.8842E-07 6.8845E-07 7.74E-07 3.30E-06   0.633
 -9999.
