TM  3    2    2    1    3    3    3    3    3    3    1    0    0 273.1500.0    
    1    2    1    3    0    0  30.00000   0.00000   0.00000   0.00000   0.00000
 -99.000 -99.000 -99.000 -99
 -99.00000 -99.00000 -99.00000
   36MIDLATITUDE WINTER  
 100.00000   0.00000 171.79419 101.05086   0.12970   0.00000    0
    0    2  180    0
   0.00000   0.00000   0.00000  40.00000   0.00000  90.00000   0.00000   0.00000
      3930     24285        15        20
    0   0    0.000  0    0.000  0    1.000
    FREQ  TOT TRANS  PTH THRML  THRML SCT  SURF EMIS   SOL SCAT  SING SCAT  GRND RFLT  DRCT RFLT  TOTAL RAD  REF SOL  SOL@OBS   DEPTH
24000.00 0.54153085 0.0000E+00 0.0000E+00 0.0000E+00 1.0438E-07 7.0990E-08 0.0000E+00 0.0000E+00 1.0438E-07 7.92E-07 3.23E-06   0.613
24015.00 0.54101890 0.0000E+00 0.0000E+00 0.0000E+00 1.0560E-07 7.1789E-08 0.0000E+00 0.0000E+00 1.0560E-07 7.97E-07 3.26E-06   0.614
24030.00 0.54050964 0.0000E+00 0.0000E+00 0.0000E+00 1.0667E-07 7.2484E-08 0.0000E+00 0.0000E+00 1.0667E-07 8.02E-07 3.29E-06   0.615
24045.00 0.53995383 0.0000E+00 0.0000E+00 0.0000E+00 9.8326E-08 6.6782E-08 0.0000E+00 0.0000E+00 9.8326E-08 7.36E-07 3.02E-06   0.616
24060.00 0.53943533 0.0000E+00 0.0000E+00 0.0000E+00 9.4687E-08 6.4281E-08 0.0000E+00 0.0000E+00 9.4687E-08 7.06E-07 2.91E-06   0.617
24075.00 0.53876281 0.0000E+00 0.0000E+00 0.0000E+00 1.0221E-07 6.9357E-08 0.0000E+00 0.0000E+00 1.0221E-07 7.59E-07 3.13E-06   0.618
24090.00 0.53809899 0.0000E+00 0.0000E+00 0.0000E+00 9.7119E-08 6.5872E-08 0.0000E+00 0.0000E+00 9.7119E-08 7.18E-07 2.97E-06   0.620
24105.00 0.53761172 0.0000E+00 0.0000E+00 0.0000E+00 1.0269E-07 6.9616E-08 0.0000E+00 0.0000E+00 1.0269E-07 7.56E-07 3.14E-06   0.621
24120.00 0.53706241 0.0000E+00 0.0000E+00 0.0000E+00 9.0195E-08 6.1119E-08 0.0000E+00 0.0000E+00 9.0195E-08 6.61E-07 2.75E-06   0.622
24135.00 0.53664231 0.0000E+00 0.0000E+00 0.0000E+00 8.7874E-08 5.9517E-08 0.0000E+00 0.0000E+00 8.7874E-08 6.41E-07 2.67E-06   0.622
24150.00 0.53599977 0.0000E+00 0.0000E+00 0.0000E+00 1.0500E-07 7.1084E-08 0.0000E+00 0.0000E+00 1.0500E-07 7.63E-07 3.19E-06   0.624
24165.00 0.53520775 0.0000E+00 0.0000E+00 0.0000E+00 1.0348E-07 7.0023E-08 0.0000E+00 0.0000E+00 1.0348E-07 7.48E-07 3.14E-06   0.625
24180.00 0.53445882 0.0000E+00 0.0000E+00 0.0000E+00 8.7440E-08 5.9144E-08 0.0000E+00 0.0000E+00 8.7440E-08 6.30E-07 2.65E-06   0.627
24195.00 0.53399682 0.0000E+00 0.0000E+00 0.0000E+00 8.7515E-08 5.9166E-08 0.0000E+00 0.0000E+00 8.7515E-08 6.27E-07 2.64E-06   0.627
24210.00 0.53354925 0.0000E+00 0.0000E+00 0.0000E+00 9.7348E-08 6.5782E-08 0.0000E+00 0.0000E+00 9.7348E-08 6.95E-07 2.93E-06   0.628
24225.00 0.53322178 0.0000E+00 0.0000E+00 0.0000E+00 9.8560E-08 6.6568E-08 0.0000E+00 0.0000E+00 9.8560E-08 7.01E-07 2.96E-06   0.629
24240.00 0.53277457 0.0000E+00 0.0000E+00 0.0000E+00 1.0125E-07 6.8349E-08 0.0000E+00 0.0000E+00 1.0125E-07 7.17E-07 3.04E-06   0.630
24255.00 0.53237414 0.0000E+00 0.0000E+00 0.0000E+00 1.0050E-07 6.7814E-08 0.0000E+00 0.0000E+00 1.0050E-07 7.08E-07 3.01E-06   0.630
24270.00 0.53181928 0.0000E+00 0.0000E+00 0.0000E+00 1.0319E-07 6.9597E-08 0.0000E+00 0.0000E+00 1.0319E-07 7.24E-07 3.08E-06   0.631
24285.00 0.53125101 0.0000E+00 0.0000E+00 0.0000E+00 1.1079E-07 7.4685E-08 0.0000E+00 0.0000E+00 1.1079E-07 7.74E-07 3.30E-06   0.633
 -9999.
