TM  3    2    2    1    3    3    3    3    3    3    1    0    0 273.1500.6    
    1    2    1    3    0    0  30.00000   0.00000   0.00000   0.00000   0.00000
 -99.000 -99.000 -99.000 -99
 -99.00000 -99.00000 -99.00000
   36MIDLATITUDE WINTER  
 100.00000   0.00000 171.79419 101.05086   0.12970   0.00000    0
    0    2  180    0
   0.00000   0.00000   0.00000  40.00000   0.00000  90.00000   0.00000   0.00000
      3930     24285        15        20
    0   0    0.000  0    0.000  0    1.000
    FREQ  TOT TRANS  PTH THRML  THRML SCT  SURF EMIS   SOL SCAT  SING SCAT  GRND RFLT  DRCT RFLT  TOTAL RAD  REF SOL  SOL@OBS   DEPTH
24000.00 0.54153085 0.0000E+00 0.0000E+00 0.0000E+00 2.1920E-07 7.0990E-08 2.1529E-07 1.1561E-07 4.3449E-07 7.92E-07 3.23E-06   0.613
24015.00 0.54101890 0.0000E+00 0.0000E+00 0.0000E+00 2.2158E-07 7.1789E-08 2.1708E-07 1.1646E-07 4.3866E-07 7.97E-07 3.26E-06   0.614
24030.00 0.54050964 0.0000E+00 0.0000E+00 0.0000E+00 2.2364E-07 7.2484E-08 2.1854E-07 1.1714E-07 4.4218E-07 8.02E-07 3.29E-06   0.615
24045.00 0.53995383 0.0000E+00 0.0000E+00 0.0000E+00 2.0596E-07 6.6782E-08 2.0076E-07 1.0751E-07 4.0672E-07 7.36E-07 3.02E-06   0.616
24060.00 0.53943533 0.0000E+00 0.0000E+00 0.0000E+00 1.9817E-07 6.4281E-08 1.9268E-07 1.0309E-07 3.9085E-07 7.06E-07 2.91E-06   0.617
24075.00 0.53876281 0.0000E+00 0.0000E+00 0.0000E+00 2.1373E-07 6.9357E-08 2.0728E-07 1.1080E-07 4.2101E-07 7.59E-07 3.13E-06   0.618
24090.00 0.53809899 0.0000E+00 0.0000E+00 0.0000E+00 2.0290E-07 6.5872E-08 1.9628E-07 1.0482E-07 3.9918E-07 7.18E-07 2.97E-06   0.620
24105.00 0.53761172 0.0000E+00 0.0000E+00 0.0000E+00 2.1435E-07 6.9616E-08 2.0683E-07 1.1036E-07 4.2118E-07 7.56E-07 3.14E-06   0.621
24120.00 0.53706241 0.0000E+00 0.0000E+00 0.0000E+00 1.8811E-07 6.1119E-08 1.8105E-07 9.6517E-08 3.6917E-07 6.61E-07 2.75E-06   0.622
24135.00 0.53664231 0.0000E+00 0.0000E+00 0.0000E+00 1.8312E-07 5.9517E-08 1.7580E-07 9.3632E-08 3.5893E-07 6.41E-07 2.67E-06   0.622
24150.00 0.53599977 0.0000E+00 0.0000E+00 0.0000E+00 2.1862E-07 7.1084E-08 2.0935E-07 1.1139E-07 4.2796E-07 7.63E-07 3.19E-06   0.624
24165.00 0.53520775 0.0000E+00 0.0000E+00 0.0000E+00 2.1526E-07 7.0023E-08 2.0560E-07 1.0930E-07 4.2085E-07 7.48E-07 3.14E-06   0.625
24180.00 0.53445882 0.0000E+00 0.0000E+00 0.0000E+00 1.8173E-07 5.9144E-08 1.7313E-07 9.1955E-08 3.5486E-07 6.30E-07 2.65E-06   0.627
24195.00 0.53399682 0.0000E+00 0.0000E+00 0.0000E+00 1.8173E-07 5.9166E-08 1.7269E-07 9.1639E-08 3.5443E-07 6.27E-07 2.64E-06   0.627
24210.00 0.53354925 0.0000E+00 0.0000E+00 0.0000E+00 2.0198E-07 6.5782E-08 1.9145E-07 1.0150E-07 3.9344E-07 6.95E-07 2.93E-06   0.628
24225.00 0.53322178 0.0000E+00 0.0000E+00 0.0000E+00 2.0433E-07 6.6568E-08 1.9319E-07 1.0232E-07 3.9752E-07 7.01E-07 2.96E-06   0.629
24240.00 0.53277457 0.0000E+00 0.0000E+00 0.0000E+00 2.0972E-07 6.8349E-08 1.9779E-07 1.0466E-07 4.0751E-07 7.17E-07 3.04E-06   0.630
24255.00 0.53237414 0.0000E+00 0.0000E+00 0.0000E+00 2.0801E-07 6.7814E-08 1.9568E-07 1.0345E-07 4.0369E-07 7.08E-07 3.01E-06   0.630
24270.00 0.53181928 0.0000E+00 0.0000E+00 0.0000E+00 2.1340E-07 6.9597E-08 2.0023E-07 1.0576E-07 4.1363E-07 7.24E-07 3.08E-06   0.631
24285.00 0.53125101 0.0000E+00 0.0000E+00 0.0000E+00 2.2891E-07 7.4685E-08 2.1424E-07 1.1305E-07 4.4315E-07 7.74E-07 3.30E-06   0.633
 -9999.
